/*--------------------------------*- C++ -*----------------------------------*\
| =========                 |                                                 |
| \\      /  F ield         | OpenFOAM: The Open Source CFD Toolbox           |
|  \\    /   O peration     | Version:  2406                                  |
|   \\  /    A nd           | Website:  www.openfoam.com                      |
|    \\/     M anipulation  |                                                 |
\*---------------------------------------------------------------------------*/
FoamFile
{
    version     2.0;
    format      ascii;
    arch        "LSB;label=32;scalar=64";
    note        "nPoints:19301  nCells:9487  nFaces:38076  nInternalFaces:18776";
    class       labelList;
    location    "constant/polyMesh";
    object      neighbour;
}
// * * * * * * * * * * * * * * * * * * * * * * * * * * * * * * * * * * * * * //


18776
(
1
70
2
71
3
72
4
73
5
74
6
75
7
76
8
77
9
78
10
79
11
80
12
81
13
82
14
83
15
84
16
85
17
86
18
87
19
88
20
89
21
90
22
91
23
92
24
93
25
94
26
95
27
96
28
97
29
98
30
99
31
100
32
101
33
102
34
103
35
104
36
105
37
106
38
107
39
108
40
109
41
110
42
111
43
112
44
113
45
114
46
115
47
116
48
117
49
118
50
119
51
120
52
121
53
122
54
123
55
124
56
125
57
126
58
127
59
128
60
129
61
130
62
131
63
132
64
133
65
134
66
135
67
136
68
137
69
138
139
71
140
72
141
73
142
74
143
75
144
76
145
77
146
78
147
79
148
80
149
81
150
82
151
83
152
84
153
85
154
86
155
87
156
88
157
89
158
90
159
91
160
92
161
93
162
94
163
95
164
96
165
97
166
98
167
99
168
100
169
101
170
102
171
103
172
104
173
105
174
106
175
107
176
108
177
109
178
110
179
111
180
112
181
113
182
114
183
115
184
116
185
117
186
118
187
119
188
120
189
121
190
122
191
123
192
124
193
125
194
126
195
127
196
128
197
129
198
130
199
131
200
132
201
133
202
134
203
135
204
136
205
137
206
138
207
139
208
209
141
210
142
211
143
212
144
213
145
214
146
215
147
216
148
217
149
218
150
219
151
220
152
221
153
222
154
223
155
224
156
225
157
226
158
227
159
228
160
229
161
230
162
231
163
232
164
233
165
234
166
235
167
236
168
237
169
238
170
239
171
240
172
241
173
242
174
243
175
244
176
245
177
246
178
247
179
248
180
249
181
250
182
251
183
252
184
253
185
254
186
255
187
256
188
257
189
258
190
259
191
260
192
261
193
262
194
263
195
264
196
265
197
266
198
267
199
268
200
269
201
270
202
271
203
272
204
273
205
274
206
275
207
276
208
277
209
278
279
211
280
212
281
213
282
214
283
215
284
216
285
217
286
218
287
219
288
220
289
221
290
222
291
223
292
224
293
225
294
226
295
227
296
228
297
229
298
230
299
231
300
232
301
233
302
234
303
235
304
236
305
237
306
238
307
239
308
240
309
241
310
242
311
243
312
244
313
245
314
246
315
247
316
248
317
249
318
250
319
251
320
252
321
253
322
254
323
255
324
256
325
257
326
258
327
259
328
260
329
261
330
262
331
263
332
264
333
265
334
266
335
267
336
268
337
269
338
270
339
271
340
272
341
273
342
274
343
275
344
276
345
277
346
278
347
279
348
349
281
350
282
351
283
352
284
353
285
354
286
355
287
356
288
357
289
358
290
359
291
360
292
361
293
362
294
363
295
364
296
365
297
366
298
367
299
368
300
369
301
370
302
371
303
372
304
373
305
374
306
375
307
376
308
377
309
378
310
379
311
380
312
381
313
382
314
383
315
384
316
385
317
386
318
387
319
388
320
389
321
390
322
391
323
392
324
393
325
394
326
395
327
396
328
397
329
398
330
399
331
400
332
401
333
402
334
403
335
404
336
405
337
406
338
407
339
408
340
409
341
410
342
411
343
412
344
413
345
414
346
415
347
416
348
417
349
418
419
351
420
352
421
353
422
354
423
355
424
356
425
357
426
358
427
359
428
360
429
361
430
362
431
363
432
364
433
365
434
366
435
367
436
368
437
369
438
370
439
371
440
372
441
373
442
374
443
375
444
376
445
377
446
378
447
379
448
380
449
381
450
382
451
383
452
384
453
385
454
386
455
387
456
388
457
389
458
390
459
391
460
392
461
393
462
394
463
395
464
396
465
397
466
398
467
399
468
400
469
401
470
402
471
403
472
404
473
405
474
406
475
407
476
408
477
409
478
410
479
411
480
412
481
413
482
414
483
415
484
416
485
417
486
418
487
419
488
489
421
490
422
491
423
492
424
493
425
494
426
495
427
496
428
497
429
498
430
499
431
500
432
501
433
502
434
503
435
504
436
505
437
506
438
507
439
508
440
509
441
510
442
511
443
512
444
513
445
514
446
515
447
516
448
517
449
518
450
519
451
520
452
521
453
522
454
523
455
524
456
525
457
526
458
527
459
528
460
529
461
530
462
531
463
532
464
533
465
534
466
535
467
536
468
537
469
538
470
539
471
540
472
541
473
542
474
543
475
544
476
545
477
546
478
547
479
548
480
549
481
550
482
551
483
552
484
553
485
554
486
555
487
556
488
557
489
558
559
491
560
492
561
493
562
494
563
495
564
496
565
497
566
498
567
499
568
500
569
501
570
502
571
503
572
504
573
505
574
506
575
507
576
508
577
509
578
510
579
511
580
512
581
513
582
514
583
515
584
516
585
517
586
518
587
519
588
520
589
521
590
522
591
523
592
524
593
525
594
526
595
527
596
528
597
529
598
530
599
531
600
532
601
533
602
534
603
535
604
536
605
537
606
538
607
539
608
540
609
541
610
542
611
543
612
544
613
545
614
546
615
547
616
548
617
549
618
550
619
551
620
552
621
553
622
554
623
555
624
556
625
557
626
558
627
559
628
629
561
630
562
631
563
632
564
633
565
634
566
635
567
636
568
637
569
638
570
639
571
640
572
641
573
642
574
643
575
644
576
645
577
646
578
647
579
648
580
649
581
650
582
651
583
652
584
653
585
654
586
655
587
656
588
657
589
658
590
659
591
660
592
661
593
662
594
663
595
664
596
665
597
666
598
667
599
668
600
669
601
670
602
671
603
672
604
673
605
674
606
675
607
676
608
677
609
678
610
679
611
680
612
681
613
682
614
683
615
684
616
685
617
686
618
687
619
688
620
689
621
690
622
691
623
692
624
693
625
694
626
695
627
696
628
697
629
698
699
631
700
632
701
633
702
634
703
635
704
636
705
637
706
638
707
639
708
640
709
641
710
642
711
643
712
644
713
645
714
646
715
647
716
648
717
649
718
650
719
651
720
652
721
653
722
654
723
655
724
656
725
657
726
658
727
659
728
660
729
661
730
662
731
663
732
664
733
665
734
666
735
667
736
668
737
669
738
670
739
671
740
672
741
673
742
674
743
675
744
676
745
677
746
678
747
679
748
680
749
681
750
682
751
683
752
684
753
685
754
686
755
687
756
688
757
689
758
690
759
691
760
692
761
693
762
694
763
695
764
696
765
697
766
698
767
699
768
769
701
770
2734
702
771
703
772
704
773
705
774
706
775
707
776
708
777
709
778
710
779
711
780
712
781
713
782
714
783
715
784
716
785
717
786
718
787
719
788
720
789
721
790
722
791
723
792
724
793
725
794
726
795
727
796
728
797
729
798
730
799
731
800
732
801
733
802
734
803
735
804
736
805
737
806
738
807
739
808
740
809
741
810
742
811
743
812
744
813
745
814
746
815
747
816
748
817
749
818
750
819
751
820
752
821
753
822
754
823
755
824
756
825
757
826
758
827
759
828
760
829
761
830
762
831
763
832
764
833
765
834
766
835
767
836
768
837
769
838
839
771
840
2739
772
841
773
842
774
843
775
844
776
845
777
846
778
847
779
848
780
849
781
850
782
851
783
852
784
853
785
854
786
855
787
856
788
857
789
858
790
859
791
860
792
861
793
862
794
863
795
864
796
865
797
866
798
867
799
868
800
869
801
870
802
871
803
872
804
873
805
874
806
875
807
876
808
877
809
878
810
879
811
880
812
881
813
882
814
883
815
884
816
885
817
886
818
887
819
888
820
889
821
890
822
891
823
892
824
893
825
894
826
895
827
896
828
897
829
898
830
899
831
900
832
901
833
902
834
903
835
904
836
905
837
906
838
907
839
908
909
841
910
2744
842
911
843
912
844
913
845
914
846
915
847
916
848
917
849
918
850
919
851
920
852
921
853
922
854
923
855
924
856
925
857
926
858
927
859
928
860
929
861
930
862
931
863
932
864
933
865
934
866
935
867
936
868
937
869
938
870
939
871
940
872
941
873
942
874
943
875
944
876
945
877
946
878
947
879
948
880
949
881
950
882
951
883
952
884
953
885
954
886
955
887
956
888
957
889
958
890
959
891
960
892
961
893
962
894
963
895
964
896
965
897
966
898
967
899
968
900
969
901
970
902
971
903
972
904
973
905
974
906
975
907
976
908
977
909
978
979
911
980
2749
912
981
913
982
914
983
915
984
916
985
917
986
918
987
919
988
920
989
921
990
922
991
923
992
924
993
925
994
926
995
927
996
928
997
929
998
930
999
931
1000
932
1001
933
1002
934
1003
935
1004
936
1005
937
1006
938
1007
939
1008
940
1009
941
1010
942
1011
943
1012
944
1013
945
1014
946
1015
947
1016
948
1017
949
1018
950
1019
951
1020
952
1021
953
1022
954
1023
955
1024
956
1025
957
1026
958
1027
959
1028
960
1029
961
1030
962
1031
963
1032
964
1033
965
1034
966
1035
967
1036
968
1037
969
1038
970
1039
971
1040
972
1041
973
1042
974
1043
975
1044
976
1045
977
1046
978
1047
979
1048
1049
981
1050
2754
982
1051
983
1052
984
1053
985
1054
986
1055
987
1056
988
1057
989
1058
990
1059
991
1060
992
1061
993
1062
994
1063
995
1064
996
1065
997
1066
998
1067
999
1068
1000
1069
1001
1070
1002
1071
1003
1072
1004
1073
1005
1074
1006
1075
1007
1076
1008
1077
1009
1078
1010
1079
1011
1080
1012
1081
1013
1082
1014
1083
1015
1084
1016
1085
1017
1086
1018
1087
1019
1088
1020
1089
1021
1090
1022
1091
1023
1092
1024
1093
1025
1094
1026
1095
1027
1096
1028
1097
1029
1098
1030
1099
1031
1100
1032
1101
1033
1102
1034
1103
1035
1104
1036
1105
1037
1106
1038
1107
1039
1108
1040
1109
1041
1110
1042
1111
1043
1112
1044
1113
1045
1114
1046
1115
1047
1116
1048
1117
1049
1118
1119
1051
1120
2759
1052
1121
1053
1122
1054
1123
1055
1124
1056
1125
1057
1126
1058
1127
1059
1128
1060
1129
1061
1130
1062
1131
1063
1132
1064
1133
1065
1134
1066
1135
1067
1136
1068
1137
1069
1138
1070
1139
1071
1140
1072
1141
1073
1142
1074
1143
1075
1144
1076
1145
1077
1146
1078
1147
1079
1148
1080
1149
1081
1150
1082
1151
1083
1152
1084
1153
1085
1154
1086
1155
1087
1156
1088
1157
1089
1158
1090
1159
1091
1160
1092
1161
1093
1162
1094
1163
1095
1164
1096
1165
1097
1166
1098
1167
1099
1168
1100
1169
1101
1170
1102
1171
1103
1172
1104
1173
1105
1174
1106
1175
1107
1176
1108
1177
1109
1178
1110
1179
1111
1180
1112
1181
1113
1182
1114
1183
1115
1184
1116
1185
1117
1186
1118
1187
1119
1188
1189
1121
1190
2764
1122
1191
1123
1192
1124
1193
1125
1194
1126
1195
1127
1196
1128
1197
1129
1198
1130
1199
1131
1200
1132
1201
1133
1202
1134
1203
1135
1204
1136
1205
1137
1206
1138
1207
1139
1208
1140
1209
1141
1210
1142
1211
1143
1212
1144
1213
1145
1214
1146
1215
1147
1216
1148
1217
1149
1218
1150
1219
1151
1220
1152
1221
1153
1222
1154
1223
1155
1224
1156
1225
1157
1226
1158
1227
1159
1228
1160
1229
1161
1230
1162
1231
1163
1232
1164
1233
1165
1234
1166
1235
1167
1236
1168
1237
1169
1238
1170
1239
1171
1240
1172
1241
1173
1242
1174
1243
1175
1244
1176
1245
1177
1246
1178
1247
1179
1248
1180
1249
1181
1250
1182
1251
1183
1252
1184
1253
1185
1254
1186
1255
1187
1256
1188
1257
1189
1258
1259
1191
1260
2769
1192
1261
1193
1262
1194
1263
1195
1264
1196
1265
1197
1266
1198
1267
1199
1268
1200
1269
1201
1270
1202
1271
1203
1272
1204
1273
1205
1274
1206
1275
1207
1276
1208
1277
1209
1278
1210
1279
1211
1280
1212
1281
1213
1282
1214
1283
1215
1284
1216
1285
1217
1286
1218
1287
1219
1288
1220
1289
1221
1290
1222
1291
1223
1292
1224
1293
1225
1294
1226
1295
1227
1296
1228
1297
1229
1298
1230
1299
1231
1300
1232
1301
1233
1302
1234
1303
1235
1304
1236
1305
1237
1306
1238
1307
1239
1308
1240
1309
1241
1310
1242
1311
1243
1312
1244
1313
1245
1314
1246
1315
1247
1316
1248
1317
1249
1318
1250
1319
1251
1320
1252
1321
1253
1322
1254
1323
1255
1324
1256
1325
1257
1326
1258
1327
1259
1328
1329
1261
1330
2774
1262
1331
1263
1332
1264
1333
1265
1334
1266
1335
1267
1336
1268
1337
1269
1338
1270
1339
1271
1340
1272
1341
1273
1342
1274
1343
1275
1344
1276
1345
1277
1346
1278
1347
1279
1348
1280
1349
1281
1350
1282
1351
1283
1352
1284
1353
1285
1354
1286
1355
1287
1356
1288
1357
1289
1358
1290
1359
1291
1360
1292
1361
1293
1362
1294
1363
1295
1364
1296
1365
1297
1366
1298
1367
1299
1368
1300
1369
1301
1370
1302
1371
1303
1372
1304
1373
1305
1374
1306
1375
1307
1376
1308
1377
1309
1378
1310
1379
1311
1380
1312
1381
1313
1382
1314
1383
1315
1384
1316
1385
1317
1386
1318
1387
1319
1388
1320
1389
1321
1390
1322
1391
1323
1392
1324
1393
1325
1394
1326
1395
1327
1396
1328
1397
1329
1398
1399
1331
1400
2779
1332
1401
1333
1402
1334
1403
1335
1404
1336
1405
1337
1406
1338
1407
1339
1408
1340
1409
1341
1410
1342
1411
1343
1412
1344
1413
1345
1414
1346
1415
1347
1416
1348
1417
1349
1418
1350
1419
1351
1420
1352
1421
1353
1422
1354
1423
1355
1424
1356
1425
1357
1426
1358
1427
1359
1428
1360
1429
1361
1430
1362
1431
1363
1432
1364
1433
1365
1434
1366
1435
1367
1436
1368
1437
1369
1438
1370
1439
1371
1440
1372
1441
1373
1442
1374
1443
1375
1444
1376
1445
1377
1446
1378
1447
1379
1448
1380
1449
1381
1450
1382
1451
1383
1452
1384
1453
1385
1454
1386
1455
1387
1456
1388
1457
1389
1458
1390
1459
1391
1460
1392
1461
1393
1462
1394
1463
1395
1464
1396
1465
1397
1466
1398
1467
1399
1468
1469
1401
1470
2784
1402
1471
1403
1472
1404
1473
1405
1474
1406
1475
1407
1476
1408
1477
1409
1478
1410
1479
1411
1480
1412
1481
1413
1482
1414
1483
1415
1484
1416
1485
1417
1486
1418
1487
1419
1488
1420
1489
1421
1490
1422
1491
1423
1492
1424
1493
1425
1494
1426
1495
1427
1496
1428
1497
1429
1498
1430
1499
1431
1500
1432
1501
1433
1502
1434
1503
1435
1504
1436
1505
1437
1506
1438
1507
1439
1508
1440
1509
1441
1510
1442
1511
1443
1512
1444
1513
1445
1514
1446
1515
1447
1516
1448
1517
1449
1518
1450
1519
1451
1520
1452
1521
1453
1522
1454
1523
1455
1524
1456
1525
1457
1526
1458
1527
1459
1528
1460
1529
1461
1530
1462
1531
1463
1532
1464
1533
1465
1534
1466
1535
1467
1536
1468
1537
1469
1538
1539
1471
1540
2789
1472
1541
1473
1542
1474
1543
1475
1544
1476
1545
1477
1546
1478
1547
1479
1548
1480
1549
1481
1550
1482
1551
1483
1552
1484
1553
1485
1554
1486
1555
1487
1556
1488
1557
1489
1558
1490
1559
1491
1560
1492
1561
1493
1562
1494
1563
1495
1564
1496
1565
1497
1566
1498
1567
1499
1568
1500
1569
1501
1570
1502
1571
1503
1572
1504
1573
1505
1574
1506
1575
1507
1576
1508
1577
1509
1578
1510
1579
1511
1580
1512
1581
1513
1582
1514
1583
1515
1584
1516
1585
1517
1586
1518
1587
1519
1588
1520
1589
1521
1590
1522
1591
1523
1592
1524
1593
1525
1594
1526
1595
1527
1596
1528
1597
1529
1598
1530
1599
1531
1600
1532
1601
1533
1602
1534
1603
1535
1604
1536
1605
1537
1606
1538
1607
1539
1608
1609
1541
1610
2794
1542
1611
1543
1612
1544
1613
1545
1614
1546
1615
1547
1616
1548
1617
1549
1618
1550
1619
1551
1620
1552
1621
1553
1622
1554
1623
1555
1624
1556
1625
1557
1626
1558
1627
1559
1628
1560
1629
1561
1630
1562
1631
1563
1632
1564
1633
1565
1634
1566
1635
1567
1636
1568
1637
1569
1638
1570
1639
1571
1640
1572
1641
1573
1642
1574
1643
1575
1644
1576
1645
1577
1646
1578
1647
1579
1648
1580
1649
1581
1650
1582
1651
1583
1652
1584
1653
1585
1654
1586
1655
1587
1656
1588
1657
1589
1658
1590
1659
1591
1660
1592
1661
1593
1662
1594
1663
1595
1664
1596
1665
1597
1666
1598
1667
1599
1668
1600
1669
1601
1670
1602
1671
1603
1672
1604
1673
1605
1674
1606
1675
1607
1676
1608
1677
1609
1678
1679
1611
1680
2799
1612
1681
1613
1682
1614
1683
1615
1684
1616
1685
1617
1686
1618
1687
1619
1688
1620
1689
1621
1690
1622
1691
1623
1692
1624
1693
1625
1694
1626
1695
1627
1696
1628
1697
1629
1698
1630
1699
1631
1700
1632
1701
1633
1702
1634
1703
1635
1704
1636
1705
1637
1706
1638
1707
1639
1708
1640
1709
1641
1710
1642
1711
1643
1712
1644
1713
1645
1714
1646
1715
1647
1716
1648
1717
1649
1718
1650
1719
1651
1720
1652
1721
1653
1722
1654
1723
1655
1724
1656
1725
1657
1726
1658
1727
1659
1728
1660
1729
1661
1730
1662
1731
1663
1732
1664
1733
1665
1734
1666
1735
1667
1736
1668
1737
1669
1738
1670
1739
1671
1740
1672
1741
1673
1742
1674
1743
1675
1744
1676
1745
1677
1746
1678
1747
1679
1748
1749
1681
1750
2804
1682
1751
1683
1752
1684
1753
1685
1754
1686
1755
1687
1756
1688
1757
1689
1758
1690
1759
1691
1760
1692
1761
1693
1762
1694
1763
1695
1764
1696
1765
1697
1766
1698
1767
1699
1768
1700
1769
1701
1770
1702
1771
1703
1772
1704
1773
1705
1774
1706
1775
1707
1776
1708
1777
1709
1778
1710
1779
1711
1780
1712
1781
1713
1782
1714
1783
1715
1784
1716
1785
1717
1786
1718
1787
1719
1788
1720
1789
1721
1790
1722
1791
1723
1792
1724
1793
1725
1794
1726
1795
1727
1796
1728
1797
1729
1798
1730
1799
1731
1800
1732
1801
1733
1802
1734
1803
1735
1804
1736
1805
1737
1806
1738
1807
1739
1808
1740
1809
1741
1810
1742
1811
1743
1812
1744
1813
1745
1814
1746
1815
1747
1816
1748
1817
1749
1818
1819
1751
1820
2809
1752
1821
1753
1822
1754
1823
1755
1824
1756
1825
1757
1826
1758
1827
1759
1828
1760
1829
1761
1830
1762
1831
1763
1832
1764
1833
1765
1834
1766
1835
1767
1836
1768
1837
1769
1838
1770
1839
1771
1840
1772
1841
1773
1842
1774
1843
1775
1844
1776
1845
1777
1846
1778
1847
1779
1848
1780
1849
1781
1850
1782
1851
1783
1852
1784
1853
1785
1854
1786
1855
1787
1856
1788
1857
1789
1858
1790
1859
1791
1860
1792
1861
1793
1862
1794
1863
1795
1864
1796
1865
1797
1866
1798
1867
1799
1868
1800
1869
1801
1870
1802
1871
1803
1872
1804
1873
1805
1874
1806
1875
1807
1876
1808
1877
1809
1878
1810
1879
1811
1880
1812
1881
1813
1882
1814
1883
1815
1884
1816
1885
1817
1886
1818
1887
1819
1888
1889
1821
1890
2814
1822
1891
1823
1892
1824
1893
1825
1894
1826
1895
1827
1896
1828
1897
1829
1898
1830
1899
1831
1900
1832
1901
1833
1902
1834
1903
1835
1904
1836
1905
1837
1906
1838
1907
1839
1908
1840
1909
1841
1910
1842
1911
1843
1912
1844
1913
1845
1914
1846
1915
1847
1916
1848
1917
1849
1918
1850
1919
1851
1920
1852
1921
1853
1922
1854
1923
1855
1924
1856
1925
1857
1926
1858
1927
1859
1928
1860
1929
1861
1930
1862
1931
1863
1932
1864
1933
1865
1934
1866
1935
1867
1936
1868
1937
1869
1938
1870
1939
1871
1940
1872
1941
1873
1942
1874
1943
1875
1944
1876
1945
1877
1946
1878
1947
1879
1948
1880
1949
1881
1950
1882
1951
1883
1952
1884
1953
1885
1954
1886
1955
1887
1956
1888
1957
1889
1958
1959
1891
1960
2819
1892
1961
1893
1962
1894
1963
1895
1964
1896
1965
1897
1966
1898
1967
1899
1968
1900
1969
1901
1970
1902
1971
1903
1972
1904
1973
1905
1974
1906
1975
1907
1976
1908
1977
1909
1978
1910
1979
1911
1980
1912
1981
1913
1982
1914
1983
1915
1984
1916
1985
1917
1986
1918
1987
1919
1988
1920
1989
1921
1990
1922
1991
1923
1992
1924
1993
1925
1994
1926
1995
1927
1996
1928
1997
1929
1998
1930
1999
1931
2000
1932
2001
1933
2002
1934
2003
1935
2004
1936
2005
1937
2006
1938
2007
1939
2008
1940
2009
1941
2010
1942
2011
1943
2012
1944
2013
1945
2014
1946
2015
1947
2016
1948
2017
1949
2018
1950
2019
1951
2020
1952
2021
1953
2022
1954
2023
1955
2024
1956
2025
1957
2026
1958
2027
1959
2028
2029
1961
2030
2824
1962
2031
1963
2032
1964
2033
1965
2034
1966
2035
1967
2036
1968
2037
1969
2038
1970
2039
1971
2040
1972
2041
1973
2042
1974
2043
1975
2044
1976
2045
1977
2046
1978
2047
1979
2048
1980
2049
1981
2050
1982
2051
1983
2052
1984
2053
1985
2054
1986
2055
1987
2056
1988
2057
1989
2058
1990
2059
1991
2060
1992
2061
1993
2062
1994
2063
1995
2064
1996
2065
1997
2066
1998
2067
1999
2068
2000
2069
2001
2070
2002
2071
2003
2072
2004
2073
2005
2074
2006
2075
2007
2076
2008
2077
2009
2078
2010
2079
2011
2080
2012
2081
2013
2082
2014
2083
2015
2084
2016
2085
2017
2086
2018
2087
2019
2088
2020
2089
2021
2090
2022
2091
2023
2092
2024
2093
2025
2094
2026
2095
2027
2096
2028
2097
2029
2098
2099
2031
2100
2829
2032
2101
2033
2102
2034
2103
2035
2104
2036
2105
2037
2106
2038
2107
2039
2108
2040
2109
2041
2110
2042
2111
2043
2112
2044
2113
2045
2114
2046
2115
2047
2116
2048
2117
2049
2118
2050
2119
2051
2120
2052
2121
2053
2122
2054
2123
2055
2124
2056
2125
2057
2126
2058
2127
2059
2128
2060
2129
2061
2130
2062
2131
2063
2132
2064
2133
2065
2134
2066
2135
2067
2136
2068
2137
2069
2138
2070
2139
2071
2140
2072
2141
2073
2142
2074
2143
2075
2144
2076
2145
2077
2146
2078
2147
2079
2148
2080
2149
2081
2150
2082
2151
2083
2152
2084
2153
2085
2154
2086
2155
2087
2156
2088
2157
2089
2158
2090
2159
2091
2160
2092
2161
2093
2162
2094
2163
2095
2164
2096
2165
2097
2166
2098
2167
2099
2168
2169
2101
2170
2834
2102
2171
2103
2172
2104
2173
2105
2174
2106
2175
2107
2176
2108
2177
2109
2178
2110
2179
2111
2180
2112
2181
2113
2182
2114
2183
2115
2184
2116
2185
2117
2186
2118
2187
2119
2188
2120
2189
2121
2190
2122
2191
2123
2192
2124
2193
2125
2194
2126
2195
2127
2196
2128
2197
2129
2198
2130
2199
2131
2200
2132
2201
2133
2202
2134
2203
2135
2204
2136
2205
2137
2206
2138
2207
2139
2208
2140
2209
2141
2210
2142
2211
2143
2212
2144
2213
2145
2214
2146
2215
2147
2216
2148
2217
2149
2218
2150
2219
2151
2220
2152
2221
2153
2222
2154
2223
2155
2224
2156
2225
2157
2226
2158
2227
2159
2228
2160
2229
2161
2230
2162
2231
2163
2232
2164
2233
2165
2234
2166
2235
2167
2236
2168
2237
2169
2238
2239
2171
2240
2839
2172
2241
2173
2242
2174
2243
2175
2244
2176
2245
2177
2246
2178
2247
2179
2248
2180
2249
2181
2250
2182
2251
2183
2252
2184
2253
2185
2254
2186
2255
2187
2256
2188
2257
2189
2258
2190
2259
2191
2260
2192
2261
2193
2262
2194
2263
2195
2264
2196
2265
2197
2266
2198
2267
2199
2268
2200
2269
2201
2270
2202
2271
2203
2272
2204
2273
2205
2274
2206
2275
2207
2276
2208
2277
2209
2278
2210
2279
2211
2280
2212
2281
2213
2282
2214
2283
2215
2284
2216
2285
2217
2286
2218
2287
2219
2288
2220
2289
2221
2290
2222
2291
2223
2292
2224
2293
2225
2294
2226
2295
2227
2296
2228
2297
2229
2298
2230
2299
2231
2300
2232
2301
2233
2302
2234
2303
2235
2304
2236
2305
2237
2306
2238
2307
2239
2308
2309
2241
2310
2844
2242
2311
2243
2312
2244
2313
2245
2314
2246
2315
2247
2316
2248
2317
2249
2318
2250
2319
2251
2320
2252
2321
2253
2322
2254
2323
2255
2324
2256
2325
2257
2326
2258
2327
2259
2328
2260
2329
2261
2330
2262
2331
2263
2332
2264
2333
2265
2334
2266
2335
2267
2336
2268
2337
2269
2338
2270
2339
2271
2340
2272
2341
2273
2342
2274
2343
2275
2344
2276
2345
2277
2346
2278
2347
2279
2348
2280
2349
2281
2350
2282
2351
2283
2352
2284
2353
2285
2354
2286
2355
2287
2356
2288
2357
2289
2358
2290
2359
2291
2360
2292
2361
2293
2362
2294
2363
2295
2364
2296
2365
2297
2366
2298
2367
2299
2368
2300
2369
2301
2370
2302
2371
2303
2372
2304
2373
2305
2374
2306
2375
2307
2376
2308
2377
2309
2378
2379
2311
2380
2849
2312
2381
2313
2382
2314
2383
2315
2384
2316
2385
2317
2386
2318
2387
2319
2388
2320
2389
2321
2390
2322
2391
2323
2392
2324
2393
2325
2394
2326
2395
2327
2396
2328
2397
2329
2398
2330
2399
2331
2400
2332
2401
2333
2402
2334
2403
2335
2404
2336
2405
2337
2406
2338
2407
2339
2408
2340
2409
2341
2410
2342
2411
2343
2412
2344
2413
2345
2414
2346
2415
2347
2416
2348
2417
2349
2418
2350
2419
2351
2420
2352
2421
2353
2422
2354
2423
2355
2424
2356
2425
2357
2426
2358
2427
2359
2428
2360
2429
2361
2430
2362
2431
2363
2432
2364
2433
2365
2434
2366
2435
2367
2436
2368
2437
2369
2438
2370
2439
2371
2440
2372
2441
2373
2442
2374
2443
2375
2444
2376
2445
2377
2446
2378
2447
2379
2448
2449
2381
2450
2854
2382
2451
2383
2452
2384
2453
2385
2454
2386
2455
2387
2456
2388
2457
2389
2458
2390
2459
2391
2460
2392
2461
2393
2462
2394
2463
2395
2464
2396
2465
2397
2466
2398
2467
2399
2468
2400
2469
2401
2470
2402
2471
2403
2472
2404
2473
2405
2474
2406
2475
2407
2476
2408
2477
2409
2478
2410
2479
2411
2480
2412
2481
2413
2482
2414
2483
2415
2484
2416
2485
2417
2486
2418
2487
2419
2488
2420
2489
2421
2490
2422
2491
2423
2492
2424
2493
2425
2494
2426
2495
2427
2496
2428
2497
2429
2498
2430
2499
2431
2500
2432
2501
2433
2502
2434
2503
2435
2504
2436
2505
2437
2506
2438
2507
2439
2508
2440
2509
2441
2510
2442
2511
2443
2512
2444
2513
2445
2514
2446
2515
2447
2516
2448
2517
2449
2518
2519
2451
2520
2859
2452
2521
2453
2522
2454
2523
2455
2524
2456
2525
2457
2526
2458
2527
2459
2528
2460
2529
2461
2530
2462
2531
2463
2532
2464
2533
2465
2534
2466
2535
2467
2536
2468
2537
2469
2538
2470
2539
2471
2540
2472
2541
2473
2542
2474
2543
2475
2544
2476
2545
2477
2546
2478
2547
2479
2548
2480
2549
2481
2550
2482
2551
2483
2552
2484
2553
2485
2554
2486
2555
2487
2556
2488
2557
2489
2558
2490
2559
2491
2560
2492
2561
2493
2562
2494
2563
2495
2564
2496
2565
2497
2566
2498
2567
2499
2568
2500
2569
2501
2570
2502
2571
2503
2572
2504
2573
2505
2574
2506
2575
2507
2576
2508
2577
2509
2578
2510
2579
2511
2580
2512
2581
2513
2582
2514
2583
2515
2584
2516
2585
2517
2586
2518
2587
2519
2588
2589
2521
2590
2864
2522
2591
2523
2592
2524
2593
2525
2594
2526
2595
2527
2596
2528
2597
2529
2598
2530
2599
2531
2600
2532
2601
2533
2602
2534
2603
2535
2604
2536
2605
2537
2606
2538
2607
2539
2608
2540
2609
2541
2610
2542
2611
2543
2612
2544
2613
2545
2614
2546
2615
2547
2616
2548
2617
2549
2618
2550
2619
2551
2620
2552
2621
2553
2622
2554
2623
2555
2624
2556
2625
2557
2626
2558
2627
2559
2628
2560
2629
2561
2630
2562
2631
2563
2632
2564
2633
2565
2634
2566
2635
2567
2636
2568
2637
2569
2638
2570
2639
2571
2640
2572
2641
2573
2642
2574
2643
2575
2644
2576
2645
2577
2646
2578
2647
2579
2648
2580
2649
2581
2650
2582
2651
2583
2652
2584
2653
2585
2654
2586
2655
2587
2656
2588
2657
2589
2658
2659
2591
2660
2869
2592
2661
2593
2662
2594
2663
2595
2664
2596
2665
2597
2666
2598
2667
2599
2668
2600
2669
2601
2670
2602
2671
2603
2672
2604
2673
2605
2674
2606
2675
2607
2676
2608
2677
2609
2678
2610
2679
2611
2680
2612
2681
2613
2682
2614
2683
2615
2684
2616
2685
2617
2686
2618
2687
2619
2688
2620
2689
2621
2690
2622
2691
2623
2692
2624
2693
2625
2694
2626
2695
2627
2696
2628
2697
2629
2698
2630
2699
2631
2700
2632
2701
2633
2702
2634
2703
2635
2704
2636
2705
2637
2706
2638
2707
2639
2708
2640
2709
2641
2710
2642
2711
2643
2712
2644
2713
2645
2714
2646
2715
2647
2716
2648
2717
2649
2718
2650
2719
2651
2720
2652
2721
2653
2722
2654
2723
2655
2724
2656
2725
2657
2726
2658
2727
2659
2728
2729
2661
2874
2875
2662
2876
2663
2877
2664
2878
2665
2879
2666
2880
2667
2881
2668
2882
2669
2883
2670
2884
2671
2885
2672
2886
2673
2887
2674
2888
2675
2889
2676
2890
2677
2891
2678
2892
2679
2893
2680
2894
2681
2895
2682
2896
2683
2897
2684
2898
2685
2899
2686
2900
2687
2901
2688
2902
2689
2903
2690
2904
2691
2905
2692
2906
2693
2907
2694
2908
2695
2909
2696
2910
2697
2911
2698
2912
2699
2913
2700
2914
2701
2915
2702
2916
2703
2917
2704
2918
2705
2919
2706
2920
2707
2921
2708
2922
2709
2923
2710
2924
2711
2925
2712
2926
2713
2927
2714
2928
2715
2929
2716
2930
2717
2931
2718
2932
2719
2933
2720
2934
2721
2935
2722
2936
2723
2937
2724
2938
2725
2939
2726
2940
2727
2941
2728
2942
2729
2943
2944
2731
2735
8286
2732
2736
2733
2737
2734
2738
2739
2736
2740
8298
2737
2741
2738
2742
2739
2743
2744
2741
2745
8310
2742
2746
2743
2747
2744
2748
2749
2746
2750
8322
2747
2751
2748
2752
2749
2753
2754
2751
2755
8334
2752
2756
2753
2757
2754
2758
2759
2756
2760
8346
2757
2761
2758
2762
2759
2763
2764
2761
2765
8358
2762
2766
2763
2767
2764
2768
2769
2766
2770
8370
2767
2771
2768
2772
2769
2773
2774
2771
2775
8382
2772
2776
2773
2777
2774
2778
2779
2776
2780
8394
2777
2781
2778
2782
2779
2783
2784
2781
2785
8406
2782
2786
2783
2787
2784
2788
2789
2786
2790
8418
2787
2791
2788
2792
2789
2793
2794
2791
2795
8430
2792
2796
2793
2797
2794
2798
2799
2796
2800
8442
2797
2801
2798
2802
2799
2803
2804
2801
2805
8454
2802
2806
2803
2807
2804
2808
2809
2806
2810
8466
2807
2811
2808
2812
2809
2813
2814
2811
2815
8478
2812
2816
2813
2817
2814
2818
2819
2816
2820
8490
2817
2821
2818
2822
2819
2823
2824
2821
2825
8502
2822
2826
2823
2827
2824
2828
2829
2826
2830
8514
2827
2831
2828
2832
2829
2833
2834
2831
2835
8526
2832
2836
2833
2837
2834
2838
2839
2836
2840
8538
2837
2841
2838
2842
2839
2843
2844
2841
2845
8550
2842
2846
2843
2847
2844
2848
2849
2846
2850
8562
2847
2851
2848
2852
2849
2853
2854
2851
2855
8574
2852
2856
2853
2857
2854
2858
2859
2856
2860
8586
2857
2861
2858
2862
2859
2863
2864
2861
2865
8598
2862
2866
2863
2867
2864
2868
2869
2866
2870
8610
2867
2871
2868
2872
2869
2873
2874
2871
7915
8622
2872
7916
2873
7917
2874
7918
7919
2876
2945
7919
2877
2946
2878
2947
2879
2948
2880
2949
2881
2950
2882
2951
2883
2952
2884
2953
2885
2954
2886
2955
2887
2956
2888
2957
2889
2958
2890
2959
2891
2960
2892
2961
2893
2962
2894
2963
2895
2964
2896
2965
2897
2966
2898
2967
2899
2968
2900
2969
2901
2970
2902
2971
2903
2972
2904
2973
2905
2974
2906
2975
2907
2976
2908
2977
2909
2978
2910
2979
2911
2980
2912
2981
2913
2982
2914
2983
2915
2984
2916
2985
2917
2986
2918
2987
2919
2988
2920
2989
2921
2990
2922
2991
2923
2992
2924
2993
2925
2994
2926
2995
2927
2996
2928
2997
2929
2998
2930
2999
2931
3000
2932
3001
2933
3002
2934
3003
2935
3004
2936
3005
2937
3006
2938
3007
2939
3008
2940
3009
2941
3010
2942
3011
2943
3012
2944
3013
3014
2946
3015
7924
2947
3016
2948
3017
2949
3018
2950
3019
2951
3020
2952
3021
2953
3022
2954
3023
2955
3024
2956
3025
2957
3026
2958
3027
2959
3028
2960
3029
2961
3030
2962
3031
2963
3032
2964
3033
2965
3034
2966
3035
2967
3036
2968
3037
2969
3038
2970
3039
2971
3040
2972
3041
2973
3042
2974
3043
2975
3044
2976
3045
2977
3046
2978
3047
2979
3048
2980
3049
2981
3050
2982
3051
2983
3052
2984
3053
2985
3054
2986
3055
2987
3056
2988
3057
2989
3058
2990
3059
2991
3060
2992
3061
2993
3062
2994
3063
2995
3064
2996
3065
2997
3066
2998
3067
2999
3068
3000
3069
3001
3070
3002
3071
3003
3072
3004
3073
3005
3074
3006
3075
3007
3076
3008
3077
3009
3078
3010
3079
3011
3080
3012
3081
3013
3082
3014
3083
3084
3016
3085
7929
3017
3086
3018
3087
3019
3088
3020
3089
3021
3090
3022
3091
3023
3092
3024
3093
3025
3094
3026
3095
3027
3096
3028
3097
3029
3098
3030
3099
3031
3100
3032
3101
3033
3102
3034
3103
3035
3104
3036
3105
3037
3106
3038
3107
3039
3108
3040
3109
3041
3110
3042
3111
3043
3112
3044
3113
3045
3114
3046
3115
3047
3116
3048
3117
3049
3118
3050
3119
3051
3120
3052
3121
3053
3122
3054
3123
3055
3124
3056
3125
3057
3126
3058
3127
3059
3128
3060
3129
3061
3130
3062
3131
3063
3132
3064
3133
3065
3134
3066
3135
3067
3136
3068
3137
3069
3138
3070
3139
3071
3140
3072
3141
3073
3142
3074
3143
3075
3144
3076
3145
3077
3146
3078
3147
3079
3148
3080
3149
3081
3150
3082
3151
3083
3152
3084
3153
3154
3086
3155
7934
3087
3156
3088
3157
3089
3158
3090
3159
3091
3160
3092
3161
3093
3162
3094
3163
3095
3164
3096
3165
3097
3166
3098
3167
3099
3168
3100
3169
3101
3170
3102
3171
3103
3172
3104
3173
3105
3174
3106
3175
3107
3176
3108
3177
3109
3178
3110
3179
3111
3180
3112
3181
3113
3182
3114
3183
3115
3184
3116
3185
3117
3186
3118
3187
3119
3188
3120
3189
3121
3190
3122
3191
3123
3192
3124
3193
3125
3194
3126
3195
3127
3196
3128
3197
3129
3198
3130
3199
3131
3200
3132
3201
3133
3202
3134
3203
3135
3204
3136
3205
3137
3206
3138
3207
3139
3208
3140
3209
3141
3210
3142
3211
3143
3212
3144
3213
3145
3214
3146
3215
3147
3216
3148
3217
3149
3218
3150
3219
3151
3220
3152
3221
3153
3222
3154
3223
3224
3156
3225
7939
3157
3226
3158
3227
3159
3228
3160
3229
3161
3230
3162
3231
3163
3232
3164
3233
3165
3234
3166
3235
3167
3236
3168
3237
3169
3238
3170
3239
3171
3240
3172
3241
3173
3242
3174
3243
3175
3244
3176
3245
3177
3246
3178
3247
3179
3248
3180
3249
3181
3250
3182
3251
3183
3252
3184
3253
3185
3254
3186
3255
3187
3256
3188
3257
3189
3258
3190
3259
3191
3260
3192
3261
3193
3262
3194
3263
3195
3264
3196
3265
3197
3266
3198
3267
3199
3268
3200
3269
3201
3270
3202
3271
3203
3272
3204
3273
3205
3274
3206
3275
3207
3276
3208
3277
3209
3278
3210
3279
3211
3280
3212
3281
3213
3282
3214
3283
3215
3284
3216
3285
3217
3286
3218
3287
3219
3288
3220
3289
3221
3290
3222
3291
3223
3292
3224
3293
3294
3226
3295
7944
3227
3296
3228
3297
3229
3298
3230
3299
3231
3300
3232
3301
3233
3302
3234
3303
3235
3304
3236
3305
3237
3306
3238
3307
3239
3308
3240
3309
3241
3310
3242
3311
3243
3312
3244
3313
3245
3314
3246
3315
3247
3316
3248
3317
3249
3318
3250
3319
3251
3320
3252
3321
3253
3322
3254
3323
3255
3324
3256
3325
3257
3326
3258
3327
3259
3328
3260
3329
3261
3330
3262
3331
3263
3332
3264
3333
3265
3334
3266
3335
3267
3336
3268
3337
3269
3338
3270
3339
3271
3340
3272
3341
3273
3342
3274
3343
3275
3344
3276
3345
3277
3346
3278
3347
3279
3348
3280
3349
3281
3350
3282
3351
3283
3352
3284
3353
3285
3354
3286
3355
3287
3356
3288
3357
3289
3358
3290
3359
3291
3360
3292
3361
3293
3362
3294
3363
3364
3296
3365
7949
3297
3366
3298
3367
3299
3368
3300
3369
3301
3370
3302
3371
3303
3372
3304
3373
3305
3374
3306
3375
3307
3376
3308
3377
3309
3378
3310
3379
3311
3380
3312
3381
3313
3382
3314
3383
3315
3384
3316
3385
3317
3386
3318
3387
3319
3388
3320
3389
3321
3390
3322
3391
3323
3392
3324
3393
3325
3394
3326
3395
3327
3396
3328
3397
3329
3398
3330
3399
3331
3400
3332
3401
3333
3402
3334
3403
3335
3404
3336
3405
3337
3406
3338
3407
3339
3408
3340
3409
3341
3410
3342
3411
3343
3412
3344
3413
3345
3414
3346
3415
3347
3416
3348
3417
3349
3418
3350
3419
3351
3420
3352
3421
3353
3422
3354
3423
3355
3424
3356
3425
3357
3426
3358
3427
3359
3428
3360
3429
3361
3430
3362
3431
3363
3432
3364
3433
3434
3366
3435
7954
3367
3436
3368
3437
3369
3438
3370
3439
3371
3440
3372
3441
3373
3442
3374
3443
3375
3444
3376
3445
3377
3446
3378
3447
3379
3448
3380
3449
3381
3450
3382
3451
3383
3452
3384
3453
3385
3454
3386
3455
3387
3456
3388
3457
3389
3458
3390
3459
3391
3460
3392
3461
3393
3462
3394
3463
3395
3464
3396
3465
3397
3466
3398
3467
3399
3468
3400
3469
3401
3470
3402
3471
3403
3472
3404
3473
3405
3474
3406
3475
3407
3476
3408
3477
3409
3478
3410
3479
3411
3480
3412
3481
3413
3482
3414
3483
3415
3484
3416
3485
3417
3486
3418
3487
3419
3488
3420
3489
3421
3490
3422
3491
3423
3492
3424
3493
3425
3494
3426
3495
3427
3496
3428
3497
3429
3498
3430
3499
3431
3500
3432
3501
3433
3502
3434
3503
3504
3436
3505
7959
3437
3506
3438
3507
3439
3508
3440
3509
3441
3510
3442
3511
3443
3512
3444
3513
3445
3514
3446
3515
3447
3516
3448
3517
3449
3518
3450
3519
3451
3520
3452
3521
3453
3522
3454
3523
3455
3524
3456
3525
3457
3526
3458
3527
3459
3528
3460
3529
3461
3530
3462
3531
3463
3532
3464
3533
3465
3534
3466
3535
3467
3536
3468
3537
3469
3538
3470
3539
3471
3540
3472
3541
3473
3542
3474
3543
3475
3544
3476
3545
3477
3546
3478
3547
3479
3548
3480
3549
3481
3550
3482
3551
3483
3552
3484
3553
3485
3554
3486
3555
3487
3556
3488
3557
3489
3558
3490
3559
3491
3560
3492
3561
3493
3562
3494
3563
3495
3564
3496
3565
3497
3566
3498
3567
3499
3568
3500
3569
3501
3570
3502
3571
3503
3572
3504
3573
3574
3506
3575
7964
3507
3576
3508
3577
3509
3578
3510
3579
3511
3580
3512
3581
3513
3582
3514
3583
3515
3584
3516
3585
3517
3586
3518
3587
3519
3588
3520
3589
3521
3590
3522
3591
3523
3592
3524
3593
3525
3594
3526
3595
3527
3596
3528
3597
3529
3598
3530
3599
3531
3600
3532
3601
3533
3602
3534
3603
3535
3604
3536
3605
3537
3606
3538
3607
3539
3608
3540
3609
3541
3610
3542
3611
3543
3612
3544
3613
3545
3614
3546
3615
3547
3616
3548
3617
3549
3618
3550
3619
3551
3620
3552
3621
3553
3622
3554
3623
3555
3624
3556
3625
3557
3626
3558
3627
3559
3628
3560
3629
3561
3630
3562
3631
3563
3632
3564
3633
3565
3634
3566
3635
3567
3636
3568
3637
3569
3638
3570
3639
3571
3640
3572
3641
3573
3642
3574
3643
3644
3576
3645
7969
3577
3646
3578
3647
3579
3648
3580
3649
3581
3650
3582
3651
3583
3652
3584
3653
3585
3654
3586
3655
3587
3656
3588
3657
3589
3658
3590
3659
3591
3660
3592
3661
3593
3662
3594
3663
3595
3664
3596
3665
3597
3666
3598
3667
3599
3668
3600
3669
3601
3670
3602
3671
3603
3672
3604
3673
3605
3674
3606
3675
3607
3676
3608
3677
3609
3678
3610
3679
3611
3680
3612
3681
3613
3682
3614
3683
3615
3684
3616
3685
3617
3686
3618
3687
3619
3688
3620
3689
3621
3690
3622
3691
3623
3692
3624
3693
3625
3694
3626
3695
3627
3696
3628
3697
3629
3698
3630
3699
3631
3700
3632
3701
3633
3702
3634
3703
3635
3704
3636
3705
3637
3706
3638
3707
3639
3708
3640
3709
3641
3710
3642
3711
3643
3712
3644
3713
3714
3646
3715
7974
3647
3716
3648
3717
3649
3718
3650
3719
3651
3720
3652
3721
3653
3722
3654
3723
3655
3724
3656
3725
3657
3726
3658
3727
3659
3728
3660
3729
3661
3730
3662
3731
3663
3732
3664
3733
3665
3734
3666
3735
3667
3736
3668
3737
3669
3738
3670
3739
3671
3740
3672
3741
3673
3742
3674
3743
3675
3744
3676
3745
3677
3746
3678
3747
3679
3748
3680
3749
3681
3750
3682
3751
3683
3752
3684
3753
3685
3754
3686
3755
3687
3756
3688
3757
3689
3758
3690
3759
3691
3760
3692
3761
3693
3762
3694
3763
3695
3764
3696
3765
3697
3766
3698
3767
3699
3768
3700
3769
3701
3770
3702
3771
3703
3772
3704
3773
3705
3774
3706
3775
3707
3776
3708
3777
3709
3778
3710
3779
3711
3780
3712
3781
3713
3782
3714
3783
3784
3716
3785
7979
3717
3786
3718
3787
3719
3788
3720
3789
3721
3790
3722
3791
3723
3792
3724
3793
3725
3794
3726
3795
3727
3796
3728
3797
3729
3798
3730
3799
3731
3800
3732
3801
3733
3802
3734
3803
3735
3804
3736
3805
3737
3806
3738
3807
3739
3808
3740
3809
3741
3810
3742
3811
3743
3812
3744
3813
3745
3814
3746
3815
3747
3816
3748
3817
3749
3818
3750
3819
3751
3820
3752
3821
3753
3822
3754
3823
3755
3824
3756
3825
3757
3826
3758
3827
3759
3828
3760
3829
3761
3830
3762
3831
3763
3832
3764
3833
3765
3834
3766
3835
3767
3836
3768
3837
3769
3838
3770
3839
3771
3840
3772
3841
3773
3842
3774
3843
3775
3844
3776
3845
3777
3846
3778
3847
3779
3848
3780
3849
3781
3850
3782
3851
3783
3852
3784
3853
3854
3786
3855
7984
3787
3856
3788
3857
3789
3858
3790
3859
3791
3860
3792
3861
3793
3862
3794
3863
3795
3864
3796
3865
3797
3866
3798
3867
3799
3868
3800
3869
3801
3870
3802
3871
3803
3872
3804
3873
3805
3874
3806
3875
3807
3876
3808
3877
3809
3878
3810
3879
3811
3880
3812
3881
3813
3882
3814
3883
3815
3884
3816
3885
3817
3886
3818
3887
3819
3888
3820
3889
3821
3890
3822
3891
3823
3892
3824
3893
3825
3894
3826
3895
3827
3896
3828
3897
3829
3898
3830
3899
3831
3900
3832
3901
3833
3902
3834
3903
3835
3904
3836
3905
3837
3906
3838
3907
3839
3908
3840
3909
3841
3910
3842
3911
3843
3912
3844
3913
3845
3914
3846
3915
3847
3916
3848
3917
3849
3918
3850
3919
3851
3920
3852
3921
3853
3922
3854
3923
3924
3856
3925
7989
3857
3926
3858
3927
3859
3928
3860
3929
3861
3930
3862
3931
3863
3932
3864
3933
3865
3934
3866
3935
3867
3936
3868
3937
3869
3938
3870
3939
3871
3940
3872
3941
3873
3942
3874
3943
3875
3944
3876
3945
3877
3946
3878
3947
3879
3948
3880
3949
3881
3950
3882
3951
3883
3952
3884
3953
3885
3954
3886
3955
3887
3956
3888
3957
3889
3958
3890
3959
3891
3960
3892
3961
3893
3962
3894
3963
3895
3964
3896
3965
3897
3966
3898
3967
3899
3968
3900
3969
3901
3970
3902
3971
3903
3972
3904
3973
3905
3974
3906
3975
3907
3976
3908
3977
3909
3978
3910
3979
3911
3980
3912
3981
3913
3982
3914
3983
3915
3984
3916
3985
3917
3986
3918
3987
3919
3988
3920
3989
3921
3990
3922
3991
3923
3992
3924
3993
3994
3926
3995
7994
3927
3996
3928
3997
3929
3998
3930
3999
3931
4000
3932
4001
3933
4002
3934
4003
3935
4004
3936
4005
3937
4006
3938
4007
3939
4008
3940
4009
3941
4010
3942
4011
3943
4012
3944
4013
3945
4014
3946
4015
3947
4016
3948
4017
3949
4018
3950
4019
3951
4020
3952
4021
3953
4022
3954
4023
3955
4024
3956
4025
3957
4026
3958
4027
3959
4028
3960
4029
3961
4030
3962
4031
3963
4032
3964
4033
3965
4034
3966
4035
3967
4036
3968
4037
3969
4038
3970
4039
3971
4040
3972
4041
3973
4042
3974
4043
3975
4044
3976
4045
3977
4046
3978
4047
3979
4048
3980
4049
3981
4050
3982
4051
3983
4052
3984
4053
3985
4054
3986
4055
3987
4056
3988
4057
3989
4058
3990
4059
3991
4060
3992
4061
3993
4062
3994
4063
4064
3996
4065
7999
3997
4066
3998
4067
3999
4068
4000
4069
4001
4070
4002
4071
4003
4072
4004
4073
4005
4074
4006
4075
4007
4076
4008
4077
4009
4078
4010
4079
4011
4080
4012
4081
4013
4082
4014
4083
4015
4084
4016
4085
4017
4086
4018
4087
4019
4088
4020
4089
4021
4090
4022
4091
4023
4092
4024
4093
4025
4094
4026
4095
4027
4096
4028
4097
4029
4098
4030
4099
4031
4100
4032
4101
4033
4102
4034
4103
4035
4104
4036
4105
4037
4106
4038
4107
4039
4108
4040
4109
4041
4110
4042
4111
4043
4112
4044
4113
4045
4114
4046
4115
4047
4116
4048
4117
4049
4118
4050
4119
4051
4120
4052
4121
4053
4122
4054
4123
4055
4124
4056
4125
4057
4126
4058
4127
4059
4128
4060
4129
4061
4130
4062
4131
4063
4132
4064
4133
4134
4066
4135
8004
4067
4136
4068
4137
4069
4138
4070
4139
4071
4140
4072
4141
4073
4142
4074
4143
4075
4144
4076
4145
4077
4146
4078
4147
4079
4148
4080
4149
4081
4150
4082
4151
4083
4152
4084
4153
4085
4154
4086
4155
4087
4156
4088
4157
4089
4158
4090
4159
4091
4160
4092
4161
4093
4162
4094
4163
4095
4164
4096
4165
4097
4166
4098
4167
4099
4168
4100
4169
4101
4170
4102
4171
4103
4172
4104
4173
4105
4174
4106
4175
4107
4176
4108
4177
4109
4178
4110
4179
4111
4180
4112
4181
4113
4182
4114
4183
4115
4184
4116
4185
4117
4186
4118
4187
4119
4188
4120
4189
4121
4190
4122
4191
4123
4192
4124
4193
4125
4194
4126
4195
4127
4196
4128
4197
4129
4198
4130
4199
4131
4200
4132
4201
4133
4202
4134
4203
4204
4136
4205
8009
4137
4206
4138
4207
4139
4208
4140
4209
4141
4210
4142
4211
4143
4212
4144
4213
4145
4214
4146
4215
4147
4216
4148
4217
4149
4218
4150
4219
4151
4220
4152
4221
4153
4222
4154
4223
4155
4224
4156
4225
4157
4226
4158
4227
4159
4228
4160
4229
4161
4230
4162
4231
4163
4232
4164
4233
4165
4234
4166
4235
4167
4236
4168
4237
4169
4238
4170
4239
4171
4240
4172
4241
4173
4242
4174
4243
4175
4244
4176
4245
4177
4246
4178
4247
4179
4248
4180
4249
4181
4250
4182
4251
4183
4252
4184
4253
4185
4254
4186
4255
4187
4256
4188
4257
4189
4258
4190
4259
4191
4260
4192
4261
4193
4262
4194
4263
4195
4264
4196
4265
4197
4266
4198
4267
4199
4268
4200
4269
4201
4270
4202
4271
4203
4272
4204
4273
4274
4206
4275
8014
4207
4276
4208
4277
4209
4278
4210
4279
4211
4280
4212
4281
4213
4282
4214
4283
4215
4284
4216
4285
4217
4286
4218
4287
4219
4288
4220
4289
4221
4290
4222
4291
4223
4292
4224
4293
4225
4294
4226
4295
4227
4296
4228
4297
4229
4298
4230
4299
4231
4300
4232
4301
4233
4302
4234
4303
4235
4304
4236
4305
4237
4306
4238
4307
4239
4308
4240
4309
4241
4310
4242
4311
4243
4312
4244
4313
4245
4314
4246
4315
4247
4316
4248
4317
4249
4318
4250
4319
4251
4320
4252
4321
4253
4322
4254
4323
4255
4324
4256
4325
4257
4326
4258
4327
4259
4328
4260
4329
4261
4330
4262
4331
4263
4332
4264
4333
4265
4334
4266
4335
4267
4336
4268
4337
4269
4338
4270
4339
4271
4340
4272
4341
4273
4342
4274
4343
4344
4276
4345
8019
4277
4346
4278
4347
4279
4348
4280
4349
4281
4350
4282
4351
4283
4352
4284
4353
4285
4354
4286
4355
4287
4356
4288
4357
4289
4358
4290
4359
4291
4360
4292
4361
4293
4362
4294
4363
4295
4364
4296
4365
4297
4366
4298
4367
4299
4368
4300
4369
4301
4370
4302
4371
4303
4372
4304
4373
4305
4374
4306
4375
4307
4376
4308
4377
4309
4378
4310
4379
4311
4380
4312
4381
4313
4382
4314
4383
4315
4384
4316
4385
4317
4386
4318
4387
4319
4388
4320
4389
4321
4390
4322
4391
4323
4392
4324
4393
4325
4394
4326
4395
4327
4396
4328
4397
4329
4398
4330
4399
4331
4400
4332
4401
4333
4402
4334
4403
4335
4404
4336
4405
4337
4406
4338
4407
4339
4408
4340
4409
4341
4410
4342
4411
4343
4412
4344
4413
4414
4346
4415
8024
4347
4416
4348
4417
4349
4418
4350
4419
4351
4420
4352
4421
4353
4422
4354
4423
4355
4424
4356
4425
4357
4426
4358
4427
4359
4428
4360
4429
4361
4430
4362
4431
4363
4432
4364
4433
4365
4434
4366
4435
4367
4436
4368
4437
4369
4438
4370
4439
4371
4440
4372
4441
4373
4442
4374
4443
4375
4444
4376
4445
4377
4446
4378
4447
4379
4448
4380
4449
4381
4450
4382
4451
4383
4452
4384
4453
4385
4454
4386
4455
4387
4456
4388
4457
4389
4458
4390
4459
4391
4460
4392
4461
4393
4462
4394
4463
4395
4464
4396
4465
4397
4466
4398
4467
4399
4468
4400
4469
4401
4470
4402
4471
4403
4472
4404
4473
4405
4474
4406
4475
4407
4476
4408
4477
4409
4478
4410
4479
4411
4480
4412
4481
4413
4482
4414
4483
4484
4416
4485
8029
4417
4486
4418
4487
4419
4488
4420
4489
4421
4490
4422
4491
4423
4492
4424
4493
4425
4494
4426
4495
4427
4496
4428
4497
4429
4498
4430
4499
4431
4500
4432
4501
4433
4502
4434
4503
4435
4504
4436
4505
4437
4506
4438
4507
4439
4508
4440
4509
4441
4510
4442
4511
4443
4512
4444
4513
4445
4514
4446
4515
4447
4516
4448
4517
4449
4518
4450
4519
4451
4520
4452
4521
4453
4522
4454
4523
4455
4524
4456
4525
4457
4526
4458
4527
4459
4528
4460
4529
4461
4530
4462
4531
4463
4532
4464
4533
4465
4534
4466
4535
4467
4536
4468
4537
4469
4538
4470
4539
4471
4540
4472
4541
4473
4542
4474
4543
4475
4544
4476
4545
4477
4546
4478
4547
4479
4548
4480
4549
4481
4550
4482
4551
4483
4552
4484
4553
4554
4486
4555
8034
4487
4556
4488
4557
4489
4558
4490
4559
4491
4560
4492
4561
4493
4562
4494
4563
4495
4564
4496
4565
4497
4566
4498
4567
4499
4568
4500
4569
4501
4570
4502
4571
4503
4572
4504
4573
4505
4574
4506
4575
4507
4576
4508
4577
4509
4578
4510
4579
4511
4580
4512
4581
4513
4582
4514
4583
4515
4584
4516
4585
4517
4586
4518
4587
4519
4588
4520
4589
4521
4590
4522
4591
4523
4592
4524
4593
4525
4594
4526
4595
4527
4596
4528
4597
4529
4598
4530
4599
4531
4600
4532
4601
4533
4602
4534
4603
4535
4604
4536
4605
4537
4606
4538
4607
4539
4608
4540
4609
4541
4610
4542
4611
4543
4612
4544
4613
4545
4614
4546
4615
4547
4616
4548
4617
4549
4618
4550
4619
4551
4620
4552
4621
4553
4622
4554
4623
4624
4556
4625
8039
4557
4626
4558
4627
4559
4628
4560
4629
4561
4630
4562
4631
4563
4632
4564
4633
4565
4634
4566
4635
4567
4636
4568
4637
4569
4638
4570
4639
4571
4640
4572
4641
4573
4642
4574
4643
4575
4644
4576
4645
4577
4646
4578
4647
4579
4648
4580
4649
4581
4650
4582
4651
4583
4652
4584
4653
4585
4654
4586
4655
4587
4656
4588
4657
4589
4658
4590
4659
4591
4660
4592
4661
4593
4662
4594
4663
4595
4664
4596
4665
4597
4666
4598
4667
4599
4668
4600
4669
4601
4670
4602
4671
4603
4672
4604
4673
4605
4674
4606
4675
4607
4676
4608
4677
4609
4678
4610
4679
4611
4680
4612
4681
4613
4682
4614
4683
4615
4684
4616
4685
4617
4686
4618
4687
4619
4688
4620
4689
4621
4690
4622
4691
4623
4692
4624
4693
4694
4626
4695
8044
4627
4696
4628
4697
4629
4698
4630
4699
4631
4700
4632
4701
4633
4702
4634
4703
4635
4704
4636
4705
4637
4706
4638
4707
4639
4708
4640
4709
4641
4710
4642
4711
4643
4712
4644
4713
4645
4714
4646
4715
4647
4716
4648
4717
4649
4718
4650
4719
4651
4720
4652
4721
4653
4722
4654
4723
4655
4724
4656
4725
4657
4726
4658
4727
4659
4728
4660
4729
4661
4730
4662
4731
4663
4732
4664
4733
4665
4734
4666
4735
4667
4736
4668
4737
4669
4738
4670
4739
4671
4740
4672
4741
4673
4742
4674
4743
4675
4744
4676
4745
4677
4746
4678
4747
4679
4748
4680
4749
4681
4750
4682
4751
4683
4752
4684
4753
4685
4754
4686
4755
4687
4756
4688
4757
4689
4758
4690
4759
4691
4760
4692
4761
4693
4762
4694
4763
4764
4696
4765
8049
4697
4766
4698
4767
4699
4768
4700
4769
4701
4770
4702
4771
4703
4772
4704
4773
4705
4774
4706
4775
4707
4776
4708
4777
4709
4778
4710
4779
4711
4780
4712
4781
4713
4782
4714
4783
4715
4784
4716
4785
4717
4786
4718
4787
4719
4788
4720
4789
4721
4790
4722
4791
4723
4792
4724
4793
4725
4794
4726
4795
4727
4796
4728
4797
4729
4798
4730
4799
4731
4800
4732
4801
4733
4802
4734
4803
4735
4804
4736
4805
4737
4806
4738
4807
4739
4808
4740
4809
4741
4810
4742
4811
4743
4812
4744
4813
4745
4814
4746
4815
4747
4816
4748
4817
4749
4818
4750
4819
4751
4820
4752
4821
4753
4822
4754
4823
4755
4824
4756
4825
4757
4826
4758
4827
4759
4828
4760
4829
4761
4830
4762
4831
4763
4832
4764
4833
4834
4766
4835
8054
4767
4836
4768
4837
4769
4838
4770
4839
4771
4840
4772
4841
4773
4842
4774
4843
4775
4844
4776
4845
4777
4846
4778
4847
4779
4848
4780
4849
4781
4850
4782
4851
4783
4852
4784
4853
4785
4854
4786
4855
4787
4856
4788
4857
4789
4858
4790
4859
4791
4860
4792
4861
4793
4862
4794
4863
4795
4864
4796
4865
4797
4866
4798
4867
4799
4868
4800
4869
4801
4870
4802
4871
4803
4872
4804
4873
4805
4874
4806
4875
4807
4876
4808
4877
4809
4878
4810
4879
4811
4880
4812
4881
4813
4882
4814
4883
4815
4884
4816
4885
4817
4886
4818
4887
4819
4888
4820
4889
4821
4890
4822
4891
4823
4892
4824
4893
4825
4894
4826
4895
4827
4896
4828
4897
4829
4898
4830
4899
4831
4900
4832
4901
4833
4902
4834
4903
4904
4836
4905
8059
4837
4906
4838
4907
4839
4908
4840
4909
4841
4910
4842
4911
4843
4912
4844
4913
4845
4914
4846
4915
4847
4916
4848
4917
4849
4918
4850
4919
4851
4920
4852
4921
4853
4922
4854
4923
4855
4924
4856
4925
4857
4926
4858
4927
4859
4928
4860
4929
4861
4930
4862
4931
4863
4932
4864
4933
4865
4934
4866
4935
4867
4936
4868
4937
4869
4938
4870
4939
4871
4940
4872
4941
4873
4942
4874
4943
4875
4944
4876
4945
4877
4946
4878
4947
4879
4948
4880
4949
4881
4950
4882
4951
4883
4952
4884
4953
4885
4954
4886
4955
4887
4956
4888
4957
4889
4958
4890
4959
4891
4960
4892
4961
4893
4962
4894
4963
4895
4964
4896
4965
4897
4966
4898
4967
4899
4968
4900
4969
4901
4970
4902
4971
4903
4972
4904
4973
4974
4906
4975
8064
4907
4976
4908
4977
4909
4978
4910
4979
4911
4980
4912
4981
4913
4982
4914
4983
4915
4984
4916
4985
4917
4986
4918
4987
4919
4988
4920
4989
4921
4990
4922
4991
4923
4992
4924
4993
4925
4994
4926
4995
4927
4996
4928
4997
4929
4998
4930
4999
4931
5000
4932
5001
4933
5002
4934
5003
4935
5004
4936
5005
4937
5006
4938
5007
4939
5008
4940
5009
4941
5010
4942
5011
4943
5012
4944
5013
4945
5014
4946
5015
4947
5016
4948
5017
4949
5018
4950
5019
4951
5020
4952
5021
4953
5022
4954
5023
4955
5024
4956
5025
4957
5026
4958
5027
4959
5028
4960
5029
4961
5030
4962
5031
4963
5032
4964
5033
4965
5034
4966
5035
4967
5036
4968
5037
4969
5038
4970
5039
4971
5040
4972
5041
4973
5042
4974
5043
5044
4976
5045
8069
4977
5046
4978
5047
4979
5048
4980
5049
4981
5050
4982
5051
4983
5052
4984
5053
4985
5054
4986
5055
4987
5056
4988
5057
4989
5058
4990
5059
4991
5060
4992
5061
4993
5062
4994
5063
4995
5064
4996
5065
4997
5066
4998
5067
4999
5068
5000
5069
5001
5070
5002
5071
5003
5072
5004
5073
5005
5074
5006
5075
5007
5076
5008
5077
5009
5078
5010
5079
5011
5080
5012
5081
5013
5082
5014
5083
5015
5084
5016
5085
5017
5086
5018
5087
5019
5088
5020
5089
5021
5090
5022
5091
5023
5092
5024
5093
5025
5094
5026
5095
5027
5096
5028
5097
5029
5098
5030
5099
5031
5100
5032
5101
5033
5102
5034
5103
5035
5104
5036
5105
5037
5106
5038
5107
5039
5108
5040
5109
5041
5110
5042
5111
5043
5112
5044
5113
5114
5046
5115
8074
5047
5116
5048
5117
5049
5118
5050
5119
5051
5120
5052
5121
5053
5122
5054
5123
5055
5124
5056
5125
5057
5126
5058
5127
5059
5128
5060
5129
5061
5130
5062
5131
5063
5132
5064
5133
5065
5134
5066
5135
5067
5136
5068
5137
5069
5138
5070
5139
5071
5140
5072
5141
5073
5142
5074
5143
5075
5144
5076
5145
5077
5146
5078
5147
5079
5148
5080
5149
5081
5150
5082
5151
5083
5152
5084
5153
5085
5154
5086
5155
5087
5156
5088
5157
5089
5158
5090
5159
5091
5160
5092
5161
5093
5162
5094
5163
5095
5164
5096
5165
5097
5166
5098
5167
5099
5168
5100
5169
5101
5170
5102
5171
5103
5172
5104
5173
5105
5174
5106
5175
5107
5176
5108
5177
5109
5178
5110
5179
5111
5180
5112
5181
5113
5182
5114
5183
5184
5116
5185
8079
5117
5186
5118
5187
5119
5188
5120
5189
5121
5190
5122
5191
5123
5192
5124
5193
5125
5194
5126
5195
5127
5196
5128
5197
5129
5198
5130
5199
5131
5200
5132
5201
5133
5202
5134
5203
5135
5204
5136
5205
5137
5206
5138
5207
5139
5208
5140
5209
5141
5210
5142
5211
5143
5212
5144
5213
5145
5214
5146
5215
5147
5216
5148
5217
5149
5218
5150
5219
5151
5220
5152
5221
5153
5222
5154
5223
5155
5224
5156
5225
5157
5226
5158
5227
5159
5228
5160
5229
5161
5230
5162
5231
5163
5232
5164
5233
5165
5234
5166
5235
5167
5236
5168
5237
5169
5238
5170
5239
5171
5240
5172
5241
5173
5242
5174
5243
5175
5244
5176
5245
5177
5246
5178
5247
5179
5248
5180
5249
5181
5250
5182
5251
5183
5252
5184
5253
5254
5186
5255
8084
5187
5256
5188
5257
5189
5258
5190
5259
5191
5260
5192
5261
5193
5262
5194
5263
5195
5264
5196
5265
5197
5266
5198
5267
5199
5268
5200
5269
5201
5270
5202
5271
5203
5272
5204
5273
5205
5274
5206
5275
5207
5276
5208
5277
5209
5278
5210
5279
5211
5280
5212
5281
5213
5282
5214
5283
5215
5284
5216
5285
5217
5286
5218
5287
5219
5288
5220
5289
5221
5290
5222
5291
5223
5292
5224
5293
5225
5294
5226
5295
5227
5296
5228
5297
5229
5298
5230
5299
5231
5300
5232
5301
5233
5302
5234
5303
5235
5304
5236
5305
5237
5306
5238
5307
5239
5308
5240
5309
5241
5310
5242
5311
5243
5312
5244
5313
5245
5314
5246
5315
5247
5316
5248
5317
5249
5318
5250
5319
5251
5320
5252
5321
5253
5322
5254
5323
5324
5256
5325
8089
5257
5326
5258
5327
5259
5328
5260
5329
5261
5330
5262
5331
5263
5332
5264
5333
5265
5334
5266
5335
5267
5336
5268
5337
5269
5338
5270
5339
5271
5340
5272
5341
5273
5342
5274
5343
5275
5344
5276
5345
5277
5346
5278
5347
5279
5348
5280
5349
5281
5350
5282
5351
5283
5352
5284
5353
5285
5354
5286
5355
5287
5356
5288
5357
5289
5358
5290
5359
5291
5360
5292
5361
5293
5362
5294
5363
5295
5364
5296
5365
5297
5366
5298
5367
5299
5368
5300
5369
5301
5370
5302
5371
5303
5372
5304
5373
5305
5374
5306
5375
5307
5376
5308
5377
5309
5378
5310
5379
5311
5380
5312
5381
5313
5382
5314
5383
5315
5384
5316
5385
5317
5386
5318
5387
5319
5388
5320
5389
5321
5390
5322
5391
5323
5392
5324
5393
5394
5326
5395
8094
5327
5396
5328
5397
5329
5398
5330
5399
5331
5400
5332
5401
5333
5402
5334
5403
5335
5404
5336
5405
5337
5406
5338
5407
5339
5408
5340
5409
5341
5410
5342
5411
5343
5412
5344
5413
5345
5414
5346
5415
5347
5416
5348
5417
5349
5418
5350
5419
5351
5420
5352
5421
5353
5422
5354
5423
5355
5424
5356
5425
5357
5426
5358
5427
5359
5428
5360
5429
5361
5430
5362
5431
5363
5432
5364
5433
5365
5434
5366
5435
5367
5436
5368
5437
5369
5438
5370
5439
5371
5440
5372
5441
5373
5442
5374
5443
5375
5444
5376
5445
5377
5446
5378
5447
5379
5448
5380
5449
5381
5450
5382
5451
5383
5452
5384
5453
5385
5454
5386
5455
5387
5456
5388
5457
5389
5458
5390
5459
5391
5460
5392
5461
5393
5462
5394
5463
5464
5396
5465
8099
5397
5466
5398
5467
5399
5468
5400
5469
5401
5470
5402
5471
5403
5472
5404
5473
5405
5474
5406
5475
5407
5476
5408
5477
5409
5478
5410
5479
5411
5480
5412
5481
5413
5482
5414
5483
5415
5484
5416
5485
5417
5486
5418
5487
5419
5488
5420
5489
5421
5490
5422
5491
5423
5492
5424
5493
5425
5494
5426
5495
5427
5496
5428
5497
5429
5498
5430
5499
5431
5500
5432
5501
5433
5502
5434
5503
5435
5504
5436
5505
5437
5506
5438
5507
5439
5508
5440
5509
5441
5510
5442
5511
5443
5512
5444
5513
5445
5514
5446
5515
5447
5516
5448
5517
5449
5518
5450
5519
5451
5520
5452
5521
5453
5522
5454
5523
5455
5524
5456
5525
5457
5526
5458
5527
5459
5528
5460
5529
5461
5530
5462
5531
5463
5532
5464
5533
5534
5466
5535
8104
5467
5536
5468
5537
5469
5538
5470
5539
5471
5540
5472
5541
5473
5542
5474
5543
5475
5544
5476
5545
5477
5546
5478
5547
5479
5548
5480
5549
5481
5550
5482
5551
5483
5552
5484
5553
5485
5554
5486
5555
5487
5556
5488
5557
5489
5558
5490
5559
5491
5560
5492
5561
5493
5562
5494
5563
5495
5564
5496
5565
5497
5566
5498
5567
5499
5568
5500
5569
5501
5570
5502
5571
5503
5572
5504
5573
5505
5574
5506
5575
5507
5576
5508
5577
5509
5578
5510
5579
5511
5580
5512
5581
5513
5582
5514
5583
5515
5584
5516
5585
5517
5586
5518
5587
5519
5588
5520
5589
5521
5590
5522
5591
5523
5592
5524
5593
5525
5594
5526
5595
5527
5596
5528
5597
5529
5598
5530
5599
5531
5600
5532
5601
5533
5602
5534
5603
5604
5536
5605
8109
5537
5606
5538
5607
5539
5608
5540
5609
5541
5610
5542
5611
5543
5612
5544
5613
5545
5614
5546
5615
5547
5616
5548
5617
5549
5618
5550
5619
5551
5620
5552
5621
5553
5622
5554
5623
5555
5624
5556
5625
5557
5626
5558
5627
5559
5628
5560
5629
5561
5630
5562
5631
5563
5632
5564
5633
5565
5634
5566
5635
5567
5636
5568
5637
5569
5638
5570
5639
5571
5640
5572
5641
5573
5642
5574
5643
5575
5644
5576
5645
5577
5646
5578
5647
5579
5648
5580
5649
5581
5650
5582
5651
5583
5652
5584
5653
5585
5654
5586
5655
5587
5656
5588
5657
5589
5658
5590
5659
5591
5660
5592
5661
5593
5662
5594
5663
5595
5664
5596
5665
5597
5666
5598
5667
5599
5668
5600
5669
5601
5670
5602
5671
5603
5672
5604
5673
5674
5606
5675
8114
5607
5676
5608
5677
5609
5678
5610
5679
5611
5680
5612
5681
5613
5682
5614
5683
5615
5684
5616
5685
5617
5686
5618
5687
5619
5688
5620
5689
5621
5690
5622
5691
5623
5692
5624
5693
5625
5694
5626
5695
5627
5696
5628
5697
5629
5698
5630
5699
5631
5700
5632
5701
5633
5702
5634
5703
5635
5704
5636
5705
5637
5706
5638
5707
5639
5708
5640
5709
5641
5710
5642
5711
5643
5712
5644
5713
5645
5714
5646
5715
5647
5716
5648
5717
5649
5718
5650
5719
5651
5720
5652
5721
5653
5722
5654
5723
5655
5724
5656
5725
5657
5726
5658
5727
5659
5728
5660
5729
5661
5730
5662
5731
5663
5732
5664
5733
5665
5734
5666
5735
5667
5736
5668
5737
5669
5738
5670
5739
5671
5740
5672
5741
5673
5742
5674
5743
5744
5676
5745
8119
5677
5746
5678
5747
5679
5748
5680
5749
5681
5750
5682
5751
5683
5752
5684
5753
5685
5754
5686
5755
5687
5756
5688
5757
5689
5758
5690
5759
5691
5760
5692
5761
5693
5762
5694
5763
5695
5764
5696
5765
5697
5766
5698
5767
5699
5768
5700
5769
5701
5770
5702
5771
5703
5772
5704
5773
5705
5774
5706
5775
5707
5776
5708
5777
5709
5778
5710
5779
5711
5780
5712
5781
5713
5782
5714
5783
5715
5784
5716
5785
5717
5786
5718
5787
5719
5788
5720
5789
5721
5790
5722
5791
5723
5792
5724
5793
5725
5794
5726
5795
5727
5796
5728
5797
5729
5798
5730
5799
5731
5800
5732
5801
5733
5802
5734
5803
5735
5804
5736
5805
5737
5806
5738
5807
5739
5808
5740
5809
5741
5810
5742
5811
5743
5812
5744
5813
5814
5746
5815
8124
5747
5816
5748
5817
5749
5818
5750
5819
5751
5820
5752
5821
5753
5822
5754
5823
5755
5824
5756
5825
5757
5826
5758
5827
5759
5828
5760
5829
5761
5830
5762
5831
5763
5832
5764
5833
5765
5834
5766
5835
5767
5836
5768
5837
5769
5838
5770
5839
5771
5840
5772
5841
5773
5842
5774
5843
5775
5844
5776
5845
5777
5846
5778
5847
5779
5848
5780
5849
5781
5850
5782
5851
5783
5852
5784
5853
5785
5854
5786
5855
5787
5856
5788
5857
5789
5858
5790
5859
5791
5860
5792
5861
5793
5862
5794
5863
5795
5864
5796
5865
5797
5866
5798
5867
5799
5868
5800
5869
5801
5870
5802
5871
5803
5872
5804
5873
5805
5874
5806
5875
5807
5876
5808
5877
5809
5878
5810
5879
5811
5880
5812
5881
5813
5882
5814
5883
5884
5816
5885
8129
5817
5886
5818
5887
5819
5888
5820
5889
5821
5890
5822
5891
5823
5892
5824
5893
5825
5894
5826
5895
5827
5896
5828
5897
5829
5898
5830
5899
5831
5900
5832
5901
5833
5902
5834
5903
5835
5904
5836
5905
5837
5906
5838
5907
5839
5908
5840
5909
5841
5910
5842
5911
5843
5912
5844
5913
5845
5914
5846
5915
5847
5916
5848
5917
5849
5918
5850
5919
5851
5920
5852
5921
5853
5922
5854
5923
5855
5924
5856
5925
5857
5926
5858
5927
5859
5928
5860
5929
5861
5930
5862
5931
5863
5932
5864
5933
5865
5934
5866
5935
5867
5936
5868
5937
5869
5938
5870
5939
5871
5940
5872
5941
5873
5942
5874
5943
5875
5944
5876
5945
5877
5946
5878
5947
5879
5948
5880
5949
5881
5950
5882
5951
5883
5952
5884
5953
5954
5886
5955
8134
5887
5956
5888
5957
5889
5958
5890
5959
5891
5960
5892
5961
5893
5962
5894
5963
5895
5964
5896
5965
5897
5966
5898
5967
5899
5968
5900
5969
5901
5970
5902
5971
5903
5972
5904
5973
5905
5974
5906
5975
5907
5976
5908
5977
5909
5978
5910
5979
5911
5980
5912
5981
5913
5982
5914
5983
5915
5984
5916
5985
5917
5986
5918
5987
5919
5988
5920
5989
5921
5990
5922
5991
5923
5992
5924
5993
5925
5994
5926
5995
5927
5996
5928
5997
5929
5998
5930
5999
5931
6000
5932
6001
5933
6002
5934
6003
5935
6004
5936
6005
5937
6006
5938
6007
5939
6008
5940
6009
5941
6010
5942
6011
5943
6012
5944
6013
5945
6014
5946
6015
5947
6016
5948
6017
5949
6018
5950
6019
5951
6020
5952
6021
5953
6022
5954
6023
6024
5956
6025
8139
5957
6026
5958
6027
5959
6028
5960
6029
5961
6030
5962
6031
5963
6032
5964
6033
5965
6034
5966
6035
5967
6036
5968
6037
5969
6038
5970
6039
5971
6040
5972
6041
5973
6042
5974
6043
5975
6044
5976
6045
5977
6046
5978
6047
5979
6048
5980
6049
5981
6050
5982
6051
5983
6052
5984
6053
5985
6054
5986
6055
5987
6056
5988
6057
5989
6058
5990
6059
5991
6060
5992
6061
5993
6062
5994
6063
5995
6064
5996
6065
5997
6066
5998
6067
5999
6068
6000
6069
6001
6070
6002
6071
6003
6072
6004
6073
6005
6074
6006
6075
6007
6076
6008
6077
6009
6078
6010
6079
6011
6080
6012
6081
6013
6082
6014
6083
6015
6084
6016
6085
6017
6086
6018
6087
6019
6088
6020
6089
6021
6090
6022
6091
6023
6092
6024
6093
6094
6026
6095
8144
6027
6096
6028
6097
6029
6098
6030
6099
6031
6100
6032
6101
6033
6102
6034
6103
6035
6104
6036
6105
6037
6106
6038
6107
6039
6108
6040
6109
6041
6110
6042
6111
6043
6112
6044
6113
6045
6114
6046
6115
6047
6116
6048
6117
6049
6118
6050
6119
6051
6120
6052
6121
6053
6122
6054
6123
6055
6124
6056
6125
6057
6126
6058
6127
6059
6128
6060
6129
6061
6130
6062
6131
6063
6132
6064
6133
6065
6134
6066
6135
6067
6136
6068
6137
6069
6138
6070
6139
6071
6140
6072
6141
6073
6142
6074
6143
6075
6144
6076
6145
6077
6146
6078
6147
6079
6148
6080
6149
6081
6150
6082
6151
6083
6152
6084
6153
6085
6154
6086
6155
6087
6156
6088
6157
6089
6158
6090
6159
6091
6160
6092
6161
6093
6162
6094
6163
6164
6096
6165
8149
6097
6166
6098
6167
6099
6168
6100
6169
6101
6170
6102
6171
6103
6172
6104
6173
6105
6174
6106
6175
6107
6176
6108
6177
6109
6178
6110
6179
6111
6180
6112
6181
6113
6182
6114
6183
6115
6184
6116
6185
6117
6186
6118
6187
6119
6188
6120
6189
6121
6190
6122
6191
6123
6192
6124
6193
6125
6194
6126
6195
6127
6196
6128
6197
6129
6198
6130
6199
6131
6200
6132
6201
6133
6202
6134
6203
6135
6204
6136
6205
6137
6206
6138
6207
6139
6208
6140
6209
6141
6210
6142
6211
6143
6212
6144
6213
6145
6214
6146
6215
6147
6216
6148
6217
6149
6218
6150
6219
6151
6220
6152
6221
6153
6222
6154
6223
6155
6224
6156
6225
6157
6226
6158
6227
6159
6228
6160
6229
6161
6230
6162
6231
6163
6232
6164
6233
6234
6166
6235
8154
6167
6236
6168
6237
6169
6238
6170
6239
6171
6240
6172
6241
6173
6242
6174
6243
6175
6244
6176
6245
6177
6246
6178
6247
6179
6248
6180
6249
6181
6250
6182
6251
6183
6252
6184
6253
6185
6254
6186
6255
6187
6256
6188
6257
6189
6258
6190
6259
6191
6260
6192
6261
6193
6262
6194
6263
6195
6264
6196
6265
6197
6266
6198
6267
6199
6268
6200
6269
6201
6270
6202
6271
6203
6272
6204
6273
6205
6274
6206
6275
6207
6276
6208
6277
6209
6278
6210
6279
6211
6280
6212
6281
6213
6282
6214
6283
6215
6284
6216
6285
6217
6286
6218
6287
6219
6288
6220
6289
6221
6290
6222
6291
6223
6292
6224
6293
6225
6294
6226
6295
6227
6296
6228
6297
6229
6298
6230
6299
6231
6300
6232
6301
6233
6302
6234
6303
6304
6236
6305
8159
6237
6306
6238
6307
6239
6308
6240
6309
6241
6310
6242
6311
6243
6312
6244
6313
6245
6314
6246
6315
6247
6316
6248
6317
6249
6318
6250
6319
6251
6320
6252
6321
6253
6322
6254
6323
6255
6324
6256
6325
6257
6326
6258
6327
6259
6328
6260
6329
6261
6330
6262
6331
6263
6332
6264
6333
6265
6334
6266
6335
6267
6336
6268
6337
6269
6338
6270
6339
6271
6340
6272
6341
6273
6342
6274
6343
6275
6344
6276
6345
6277
6346
6278
6347
6279
6348
6280
6349
6281
6350
6282
6351
6283
6352
6284
6353
6285
6354
6286
6355
6287
6356
6288
6357
6289
6358
6290
6359
6291
6360
6292
6361
6293
6362
6294
6363
6295
6364
6296
6365
6297
6366
6298
6367
6299
6368
6300
6369
6301
6370
6302
6371
6303
6372
6304
6373
6374
6306
6375
8164
6307
6376
6308
6377
6309
6378
6310
6379
6311
6380
6312
6381
6313
6382
6314
6383
6315
6384
6316
6385
6317
6386
6318
6387
6319
6388
6320
6389
6321
6390
6322
6391
6323
6392
6324
6393
6325
6394
6326
6395
6327
6396
6328
6397
6329
6398
6330
6399
6331
6400
6332
6401
6333
6402
6334
6403
6335
6404
6336
6405
6337
6406
6338
6407
6339
6408
6340
6409
6341
6410
6342
6411
6343
6412
6344
6413
6345
6414
6346
6415
6347
6416
6348
6417
6349
6418
6350
6419
6351
6420
6352
6421
6353
6422
6354
6423
6355
6424
6356
6425
6357
6426
6358
6427
6359
6428
6360
6429
6361
6430
6362
6431
6363
6432
6364
6433
6365
6434
6366
6435
6367
6436
6368
6437
6369
6438
6370
6439
6371
6440
6372
6441
6373
6442
6374
6443
6444
6376
6445
8169
6377
6446
6378
6447
6379
6448
6380
6449
6381
6450
6382
6451
6383
6452
6384
6453
6385
6454
6386
6455
6387
6456
6388
6457
6389
6458
6390
6459
6391
6460
6392
6461
6393
6462
6394
6463
6395
6464
6396
6465
6397
6466
6398
6467
6399
6468
6400
6469
6401
6470
6402
6471
6403
6472
6404
6473
6405
6474
6406
6475
6407
6476
6408
6477
6409
6478
6410
6479
6411
6480
6412
6481
6413
6482
6414
6483
6415
6484
6416
6485
6417
6486
6418
6487
6419
6488
6420
6489
6421
6490
6422
6491
6423
6492
6424
6493
6425
6494
6426
6495
6427
6496
6428
6497
6429
6498
6430
6499
6431
6500
6432
6501
6433
6502
6434
6503
6435
6504
6436
6505
6437
6506
6438
6507
6439
6508
6440
6509
6441
6510
6442
6511
6443
6512
6444
6513
6514
6446
6515
8174
6447
6516
6448
6517
6449
6518
6450
6519
6451
6520
6452
6521
6453
6522
6454
6523
6455
6524
6456
6525
6457
6526
6458
6527
6459
6528
6460
6529
6461
6530
6462
6531
6463
6532
6464
6533
6465
6534
6466
6535
6467
6536
6468
6537
6469
6538
6470
6539
6471
6540
6472
6541
6473
6542
6474
6543
6475
6544
6476
6545
6477
6546
6478
6547
6479
6548
6480
6549
6481
6550
6482
6551
6483
6552
6484
6553
6485
6554
6486
6555
6487
6556
6488
6557
6489
6558
6490
6559
6491
6560
6492
6561
6493
6562
6494
6563
6495
6564
6496
6565
6497
6566
6498
6567
6499
6568
6500
6569
6501
6570
6502
6571
6503
6572
6504
6573
6505
6574
6506
6575
6507
6576
6508
6577
6509
6578
6510
6579
6511
6580
6512
6581
6513
6582
6514
6583
6584
6516
6585
8179
6517
6586
6518
6587
6519
6588
6520
6589
6521
6590
6522
6591
6523
6592
6524
6593
6525
6594
6526
6595
6527
6596
6528
6597
6529
6598
6530
6599
6531
6600
6532
6601
6533
6602
6534
6603
6535
6604
6536
6605
6537
6606
6538
6607
6539
6608
6540
6609
6541
6610
6542
6611
6543
6612
6544
6613
6545
6614
6546
6615
6547
6616
6548
6617
6549
6618
6550
6619
6551
6620
6552
6621
6553
6622
6554
6623
6555
6624
6556
6625
6557
6626
6558
6627
6559
6628
6560
6629
6561
6630
6562
6631
6563
6632
6564
6633
6565
6634
6566
6635
6567
6636
6568
6637
6569
6638
6570
6639
6571
6640
6572
6641
6573
6642
6574
6643
6575
6644
6576
6645
6577
6646
6578
6647
6579
6648
6580
6649
6581
6650
6582
6651
6583
6652
6584
6653
6654
6586
6655
8184
6587
6656
6588
6657
6589
6658
6590
6659
6591
6660
6592
6661
6593
6662
6594
6663
6595
6664
6596
6665
6597
6666
6598
6667
6599
6668
6600
6669
6601
6670
6602
6671
6603
6672
6604
6673
6605
6674
6606
6675
6607
6676
6608
6677
6609
6678
6610
6679
6611
6680
6612
6681
6613
6682
6614
6683
6615
6684
6616
6685
6617
6686
6618
6687
6619
6688
6620
6689
6621
6690
6622
6691
6623
6692
6624
6693
6625
6694
6626
6695
6627
6696
6628
6697
6629
6698
6630
6699
6631
6700
6632
6701
6633
6702
6634
6703
6635
6704
6636
6705
6637
6706
6638
6707
6639
6708
6640
6709
6641
6710
6642
6711
6643
6712
6644
6713
6645
6714
6646
6715
6647
6716
6648
6717
6649
6718
6650
6719
6651
6720
6652
6721
6653
6722
6654
6723
6724
6656
6725
8189
6657
6726
6658
6727
6659
6728
6660
6729
6661
6730
6662
6731
6663
6732
6664
6733
6665
6734
6666
6735
6667
6736
6668
6737
6669
6738
6670
6739
6671
6740
6672
6741
6673
6742
6674
6743
6675
6744
6676
6745
6677
6746
6678
6747
6679
6748
6680
6749
6681
6750
6682
6751
6683
6752
6684
6753
6685
6754
6686
6755
6687
6756
6688
6757
6689
6758
6690
6759
6691
6760
6692
6761
6693
6762
6694
6763
6695
6764
6696
6765
6697
6766
6698
6767
6699
6768
6700
6769
6701
6770
6702
6771
6703
6772
6704
6773
6705
6774
6706
6775
6707
6776
6708
6777
6709
6778
6710
6779
6711
6780
6712
6781
6713
6782
6714
6783
6715
6784
6716
6785
6717
6786
6718
6787
6719
6788
6720
6789
6721
6790
6722
6791
6723
6792
6724
6793
6794
6726
6795
8194
6727
6796
6728
6797
6729
6798
6730
6799
6731
6800
6732
6801
6733
6802
6734
6803
6735
6804
6736
6805
6737
6806
6738
6807
6739
6808
6740
6809
6741
6810
6742
6811
6743
6812
6744
6813
6745
6814
6746
6815
6747
6816
6748
6817
6749
6818
6750
6819
6751
6820
6752
6821
6753
6822
6754
6823
6755
6824
6756
6825
6757
6826
6758
6827
6759
6828
6760
6829
6761
6830
6762
6831
6763
6832
6764
6833
6765
6834
6766
6835
6767
6836
6768
6837
6769
6838
6770
6839
6771
6840
6772
6841
6773
6842
6774
6843
6775
6844
6776
6845
6777
6846
6778
6847
6779
6848
6780
6849
6781
6850
6782
6851
6783
6852
6784
6853
6785
6854
6786
6855
6787
6856
6788
6857
6789
6858
6790
6859
6791
6860
6792
6861
6793
6862
6794
6863
6864
6796
6865
8199
6797
6866
6798
6867
6799
6868
6800
6869
6801
6870
6802
6871
6803
6872
6804
6873
6805
6874
6806
6875
6807
6876
6808
6877
6809
6878
6810
6879
6811
6880
6812
6881
6813
6882
6814
6883
6815
6884
6816
6885
6817
6886
6818
6887
6819
6888
6820
6889
6821
6890
6822
6891
6823
6892
6824
6893
6825
6894
6826
6895
6827
6896
6828
6897
6829
6898
6830
6899
6831
6900
6832
6901
6833
6902
6834
6903
6835
6904
6836
6905
6837
6906
6838
6907
6839
6908
6840
6909
6841
6910
6842
6911
6843
6912
6844
6913
6845
6914
6846
6915
6847
6916
6848
6917
6849
6918
6850
6919
6851
6920
6852
6921
6853
6922
6854
6923
6855
6924
6856
6925
6857
6926
6858
6927
6859
6928
6860
6929
6861
6930
6862
6931
6863
6932
6864
6933
6934
6866
6935
8204
6867
6936
6868
6937
6869
6938
6870
6939
6871
6940
6872
6941
6873
6942
6874
6943
6875
6944
6876
6945
6877
6946
6878
6947
6879
6948
6880
6949
6881
6950
6882
6951
6883
6952
6884
6953
6885
6954
6886
6955
6887
6956
6888
6957
6889
6958
6890
6959
6891
6960
6892
6961
6893
6962
6894
6963
6895
6964
6896
6965
6897
6966
6898
6967
6899
6968
6900
6969
6901
6970
6902
6971
6903
6972
6904
6973
6905
6974
6906
6975
6907
6976
6908
6977
6909
6978
6910
6979
6911
6980
6912
6981
6913
6982
6914
6983
6915
6984
6916
6985
6917
6986
6918
6987
6919
6988
6920
6989
6921
6990
6922
6991
6923
6992
6924
6993
6925
6994
6926
6995
6927
6996
6928
6997
6929
6998
6930
6999
6931
7000
6932
7001
6933
7002
6934
7003
7004
6936
7005
8209
6937
7006
6938
7007
6939
7008
6940
7009
6941
7010
6942
7011
6943
7012
6944
7013
6945
7014
6946
7015
6947
7016
6948
7017
6949
7018
6950
7019
6951
7020
6952
7021
6953
7022
6954
7023
6955
7024
6956
7025
6957
7026
6958
7027
6959
7028
6960
7029
6961
7030
6962
7031
6963
7032
6964
7033
6965
7034
6966
7035
6967
7036
6968
7037
6969
7038
6970
7039
6971
7040
6972
7041
6973
7042
6974
7043
6975
7044
6976
7045
6977
7046
6978
7047
6979
7048
6980
7049
6981
7050
6982
7051
6983
7052
6984
7053
6985
7054
6986
7055
6987
7056
6988
7057
6989
7058
6990
7059
6991
7060
6992
7061
6993
7062
6994
7063
6995
7064
6996
7065
6997
7066
6998
7067
6999
7068
7000
7069
7001
7070
7002
7071
7003
7072
7004
7073
7074
7006
7075
8214
7007
7076
7008
7077
7009
7078
7010
7079
7011
7080
7012
7081
7013
7082
7014
7083
7015
7084
7016
7085
7017
7086
7018
7087
7019
7088
7020
7089
7021
7090
7022
7091
7023
7092
7024
7093
7025
7094
7026
7095
7027
7096
7028
7097
7029
7098
7030
7099
7031
7100
7032
7101
7033
7102
7034
7103
7035
7104
7036
7105
7037
7106
7038
7107
7039
7108
7040
7109
7041
7110
7042
7111
7043
7112
7044
7113
7045
7114
7046
7115
7047
7116
7048
7117
7049
7118
7050
7119
7051
7120
7052
7121
7053
7122
7054
7123
7055
7124
7056
7125
7057
7126
7058
7127
7059
7128
7060
7129
7061
7130
7062
7131
7063
7132
7064
7133
7065
7134
7066
7135
7067
7136
7068
7137
7069
7138
7070
7139
7071
7140
7072
7141
7073
7142
7074
7143
7144
7076
7145
8219
7077
7146
7078
7147
7079
7148
7080
7149
7081
7150
7082
7151
7083
7152
7084
7153
7085
7154
7086
7155
7087
7156
7088
7157
7089
7158
7090
7159
7091
7160
7092
7161
7093
7162
7094
7163
7095
7164
7096
7165
7097
7166
7098
7167
7099
7168
7100
7169
7101
7170
7102
7171
7103
7172
7104
7173
7105
7174
7106
7175
7107
7176
7108
7177
7109
7178
7110
7179
7111
7180
7112
7181
7113
7182
7114
7183
7115
7184
7116
7185
7117
7186
7118
7187
7119
7188
7120
7189
7121
7190
7122
7191
7123
7192
7124
7193
7125
7194
7126
7195
7127
7196
7128
7197
7129
7198
7130
7199
7131
7200
7132
7201
7133
7202
7134
7203
7135
7204
7136
7205
7137
7206
7138
7207
7139
7208
7140
7209
7141
7210
7142
7211
7143
7212
7144
7213
7214
7146
7215
8224
7147
7216
7148
7217
7149
7218
7150
7219
7151
7220
7152
7221
7153
7222
7154
7223
7155
7224
7156
7225
7157
7226
7158
7227
7159
7228
7160
7229
7161
7230
7162
7231
7163
7232
7164
7233
7165
7234
7166
7235
7167
7236
7168
7237
7169
7238
7170
7239
7171
7240
7172
7241
7173
7242
7174
7243
7175
7244
7176
7245
7177
7246
7178
7247
7179
7248
7180
7249
7181
7250
7182
7251
7183
7252
7184
7253
7185
7254
7186
7255
7187
7256
7188
7257
7189
7258
7190
7259
7191
7260
7192
7261
7193
7262
7194
7263
7195
7264
7196
7265
7197
7266
7198
7267
7199
7268
7200
7269
7201
7270
7202
7271
7203
7272
7204
7273
7205
7274
7206
7275
7207
7276
7208
7277
7209
7278
7210
7279
7211
7280
7212
7281
7213
7282
7214
7283
7284
7216
7285
8229
7217
7286
7218
7287
7219
7288
7220
7289
7221
7290
7222
7291
7223
7292
7224
7293
7225
7294
7226
7295
7227
7296
7228
7297
7229
7298
7230
7299
7231
7300
7232
7301
7233
7302
7234
7303
7235
7304
7236
7305
7237
7306
7238
7307
7239
7308
7240
7309
7241
7310
7242
7311
7243
7312
7244
7313
7245
7314
7246
7315
7247
7316
7248
7317
7249
7318
7250
7319
7251
7320
7252
7321
7253
7322
7254
7323
7255
7324
7256
7325
7257
7326
7258
7327
7259
7328
7260
7329
7261
7330
7262
7331
7263
7332
7264
7333
7265
7334
7266
7335
7267
7336
7268
7337
7269
7338
7270
7339
7271
7340
7272
7341
7273
7342
7274
7343
7275
7344
7276
7345
7277
7346
7278
7347
7279
7348
7280
7349
7281
7350
7282
7351
7283
7352
7284
7353
7354
7286
7355
8234
7287
7356
7288
7357
7289
7358
7290
7359
7291
7360
7292
7361
7293
7362
7294
7363
7295
7364
7296
7365
7297
7366
7298
7367
7299
7368
7300
7369
7301
7370
7302
7371
7303
7372
7304
7373
7305
7374
7306
7375
7307
7376
7308
7377
7309
7378
7310
7379
7311
7380
7312
7381
7313
7382
7314
7383
7315
7384
7316
7385
7317
7386
7318
7387
7319
7388
7320
7389
7321
7390
7322
7391
7323
7392
7324
7393
7325
7394
7326
7395
7327
7396
7328
7397
7329
7398
7330
7399
7331
7400
7332
7401
7333
7402
7334
7403
7335
7404
7336
7405
7337
7406
7338
7407
7339
7408
7340
7409
7341
7410
7342
7411
7343
7412
7344
7413
7345
7414
7346
7415
7347
7416
7348
7417
7349
7418
7350
7419
7351
7420
7352
7421
7353
7422
7354
7423
7424
7356
7425
8239
7357
7426
7358
7427
7359
7428
7360
7429
7361
7430
7362
7431
7363
7432
7364
7433
7365
7434
7366
7435
7367
7436
7368
7437
7369
7438
7370
7439
7371
7440
7372
7441
7373
7442
7374
7443
7375
7444
7376
7445
7377
7446
7378
7447
7379
7448
7380
7449
7381
7450
7382
7451
7383
7452
7384
7453
7385
7454
7386
7455
7387
7456
7388
7457
7389
7458
7390
7459
7391
7460
7392
7461
7393
7462
7394
7463
7395
7464
7396
7465
7397
7466
7398
7467
7399
7468
7400
7469
7401
7470
7402
7471
7403
7472
7404
7473
7405
7474
7406
7475
7407
7476
7408
7477
7409
7478
7410
7479
7411
7480
7412
7481
7413
7482
7414
7483
7415
7484
7416
7485
7417
7486
7418
7487
7419
7488
7420
7489
7421
7490
7422
7491
7423
7492
7424
7493
7494
7426
7495
8244
7427
7496
7428
7497
7429
7498
7430
7499
7431
7500
7432
7501
7433
7502
7434
7503
7435
7504
7436
7505
7437
7506
7438
7507
7439
7508
7440
7509
7441
7510
7442
7511
7443
7512
7444
7513
7445
7514
7446
7515
7447
7516
7448
7517
7449
7518
7450
7519
7451
7520
7452
7521
7453
7522
7454
7523
7455
7524
7456
7525
7457
7526
7458
7527
7459
7528
7460
7529
7461
7530
7462
7531
7463
7532
7464
7533
7465
7534
7466
7535
7467
7536
7468
7537
7469
7538
7470
7539
7471
7540
7472
7541
7473
7542
7474
7543
7475
7544
7476
7545
7477
7546
7478
7547
7479
7548
7480
7549
7481
7550
7482
7551
7483
7552
7484
7553
7485
7554
7486
7555
7487
7556
7488
7557
7489
7558
7490
7559
7491
7560
7492
7561
7493
7562
7494
7563
7564
7496
7565
8249
7497
7566
7498
7567
7499
7568
7500
7569
7501
7570
7502
7571
7503
7572
7504
7573
7505
7574
7506
7575
7507
7576
7508
7577
7509
7578
7510
7579
7511
7580
7512
7581
7513
7582
7514
7583
7515
7584
7516
7585
7517
7586
7518
7587
7519
7588
7520
7589
7521
7590
7522
7591
7523
7592
7524
7593
7525
7594
7526
7595
7527
7596
7528
7597
7529
7598
7530
7599
7531
7600
7532
7601
7533
7602
7534
7603
7535
7604
7536
7605
7537
7606
7538
7607
7539
7608
7540
7609
7541
7610
7542
7611
7543
7612
7544
7613
7545
7614
7546
7615
7547
7616
7548
7617
7549
7618
7550
7619
7551
7620
7552
7621
7553
7622
7554
7623
7555
7624
7556
7625
7557
7626
7558
7627
7559
7628
7560
7629
7561
7630
7562
7631
7563
7632
7564
7633
7634
7566
7635
8254
7567
7636
7568
7637
7569
7638
7570
7639
7571
7640
7572
7641
7573
7642
7574
7643
7575
7644
7576
7645
7577
7646
7578
7647
7579
7648
7580
7649
7581
7650
7582
7651
7583
7652
7584
7653
7585
7654
7586
7655
7587
7656
7588
7657
7589
7658
7590
7659
7591
7660
7592
7661
7593
7662
7594
7663
7595
7664
7596
7665
7597
7666
7598
7667
7599
7668
7600
7669
7601
7670
7602
7671
7603
7672
7604
7673
7605
7674
7606
7675
7607
7676
7608
7677
7609
7678
7610
7679
7611
7680
7612
7681
7613
7682
7614
7683
7615
7684
7616
7685
7617
7686
7618
7687
7619
7688
7620
7689
7621
7690
7622
7691
7623
7692
7624
7693
7625
7694
7626
7695
7627
7696
7628
7697
7629
7698
7630
7699
7631
7700
7632
7701
7633
7702
7634
7703
7704
7636
7705
8259
7637
7706
7638
7707
7639
7708
7640
7709
7641
7710
7642
7711
7643
7712
7644
7713
7645
7714
7646
7715
7647
7716
7648
7717
7649
7718
7650
7719
7651
7720
7652
7721
7653
7722
7654
7723
7655
7724
7656
7725
7657
7726
7658
7727
7659
7728
7660
7729
7661
7730
7662
7731
7663
7732
7664
7733
7665
7734
7666
7735
7667
7736
7668
7737
7669
7738
7670
7739
7671
7740
7672
7741
7673
7742
7674
7743
7675
7744
7676
7745
7677
7746
7678
7747
7679
7748
7680
7749
7681
7750
7682
7751
7683
7752
7684
7753
7685
7754
7686
7755
7687
7756
7688
7757
7689
7758
7690
7759
7691
7760
7692
7761
7693
7762
7694
7763
7695
7764
7696
7765
7697
7766
7698
7767
7699
7768
7700
7769
7701
7770
7702
7771
7703
7772
7704
7773
7774
7706
7775
8264
7707
7776
7708
7777
7709
7778
7710
7779
7711
7780
7712
7781
7713
7782
7714
7783
7715
7784
7716
7785
7717
7786
7718
7787
7719
7788
7720
7789
7721
7790
7722
7791
7723
7792
7724
7793
7725
7794
7726
7795
7727
7796
7728
7797
7729
7798
7730
7799
7731
7800
7732
7801
7733
7802
7734
7803
7735
7804
7736
7805
7737
7806
7738
7807
7739
7808
7740
7809
7741
7810
7742
7811
7743
7812
7744
7813
7745
7814
7746
7815
7747
7816
7748
7817
7749
7818
7750
7819
7751
7820
7752
7821
7753
7822
7754
7823
7755
7824
7756
7825
7757
7826
7758
7827
7759
7828
7760
7829
7761
7830
7762
7831
7763
7832
7764
7833
7765
7834
7766
7835
7767
7836
7768
7837
7769
7838
7770
7839
7771
7840
7772
7841
7773
7842
7774
7843
7844
7776
7845
8269
7777
7846
7778
7847
7779
7848
7780
7849
7781
7850
7782
7851
7783
7852
7784
7853
7785
7854
7786
7855
7787
7856
7788
7857
7789
7858
7790
7859
7791
7860
7792
7861
7793
7862
7794
7863
7795
7864
7796
7865
7797
7866
7798
7867
7799
7868
7800
7869
7801
7870
7802
7871
7803
7872
7804
7873
7805
7874
7806
7875
7807
7876
7808
7877
7809
7878
7810
7879
7811
7880
7812
7881
7813
7882
7814
7883
7815
7884
7816
7885
7817
7886
7818
7887
7819
7888
7820
7889
7821
7890
7822
7891
7823
7892
7824
7893
7825
7894
7826
7895
7827
7896
7828
7897
7829
7898
7830
7899
7831
7900
7832
7901
7833
7902
7834
7903
7835
7904
7836
7905
7837
7906
7838
7907
7839
7908
7840
7909
7841
7910
7842
7911
7843
7912
7844
7913
7914
7846
8274
7847
7848
7849
7850
7851
7852
7853
7854
7855
7856
7857
7858
7859
7860
7861
7862
7863
7864
7865
7866
7867
7868
7869
7870
7871
7872
7873
7874
7875
7876
7877
7878
7879
7880
7881
7882
7883
7884
7885
7886
7887
7888
7889
7890
7891
7892
7893
7894
7895
7896
7897
7898
7899
7900
7901
7902
7903
7904
7905
7906
7907
7908
7909
7910
7911
7912
7913
7914
7916
7920
8634
7917
7921
7918
7922
7919
7923
7924
7921
7925
8646
7922
7926
7923
7927
7924
7928
7929
7926
7930
8658
7927
7931
7928
7932
7929
7933
7934
7931
7935
8670
7932
7936
7933
7937
7934
7938
7939
7936
7940
8682
7937
7941
7938
7942
7939
7943
7944
7941
7945
8694
7942
7946
7943
7947
7944
7948
7949
7946
7950
8706
7947
7951
7948
7952
7949
7953
7954
7951
7955
8718
7952
7956
7953
7957
7954
7958
7959
7956
7960
8730
7957
7961
7958
7962
7959
7963
7964
7961
7965
8742
7962
7966
7963
7967
7964
7968
7969
7966
7970
8754
7967
7971
7968
7972
7969
7973
7974
7971
7975
8766
7972
7976
7973
7977
7974
7978
7979
7976
7980
8778
7977
7981
7978
7982
7979
7983
7984
7981
7985
8790
7982
7986
7983
7987
7984
7988
7989
7986
7990
8802
7987
7991
7988
7992
7989
7993
7994
7991
7995
8814
7992
7996
7993
7997
7994
7998
7999
7996
8000
8826
7997
8001
7998
8002
7999
8003
8004
8001
8005
8838
8002
8006
8003
8007
8004
8008
8009
8006
8010
8850
8007
8011
8008
8012
8009
8013
8014
8011
8015
8862
8012
8016
8013
8017
8014
8018
8019
8016
8020
8874
8017
8021
8018
8022
8019
8023
8024
8021
8025
8886
8022
8026
8023
8027
8024
8028
8029
8026
8030
8898
8027
8031
8028
8032
8029
8033
8034
8031
8035
8910
8032
8036
8033
8037
8034
8038
8039
8036
8040
8922
8037
8041
8038
8042
8039
8043
8044
8041
8045
8934
8042
8046
8043
8047
8044
8048
8049
8046
8050
8946
8047
8051
8048
8052
8049
8053
8054
8051
8055
8958
8052
8056
8053
8057
8054
8058
8059
8056
8060
8970
8057
8061
8058
8062
8059
8063
8064
8061
8065
8982
8062
8066
8063
8067
8064
8068
8069
8066
8070
8994
8067
8071
8068
8072
8069
8073
8074
8071
8075
9006
8072
8076
8073
8077
8074
8078
8079
8076
8080
9018
8077
8081
8078
8082
8079
8083
8084
8081
8085
9030
8082
8086
8083
8087
8084
8088
8089
8086
8090
9042
8087
8091
8088
8092
8089
8093
8094
8091
8095
9054
8092
8096
8093
8097
8094
8098
8099
8096
8100
9066
8097
8101
8098
8102
8099
8103
8104
8101
8105
9078
8102
8106
8103
8107
8104
8108
8109
8106
8110
9090
8107
8111
8108
8112
8109
8113
8114
8111
8115
9102
8112
8116
8113
8117
8114
8118
8119
8116
8120
9114
8117
8121
8118
8122
8119
8123
8124
8121
8125
9126
8122
8126
8123
8127
8124
8128
8129
8126
8130
9138
8127
8131
8128
8132
8129
8133
8134
8131
8135
9150
8132
8136
8133
8137
8134
8138
8139
8136
8140
9162
8137
8141
8138
8142
8139
8143
8144
8141
8145
9174
8142
8146
8143
8147
8144
8148
8149
8146
8150
9186
8147
8151
8148
8152
8149
8153
8154
8151
8155
9198
8152
8156
8153
8157
8154
8158
8159
8156
8160
9210
8157
8161
8158
8162
8159
8163
8164
8161
8165
9222
8162
8166
8163
8167
8164
8168
8169
8166
8170
9234
8167
8171
8168
8172
8169
8173
8174
8171
8175
9246
8172
8176
8173
8177
8174
8178
8179
8176
8180
9258
8177
8181
8178
8182
8179
8183
8184
8181
8185
9270
8182
8186
8183
8187
8184
8188
8189
8186
8190
9282
8187
8191
8188
8192
8189
8193
8194
8191
8195
9294
8192
8196
8193
8197
8194
8198
8199
8196
8200
9306
8197
8201
8198
8202
8199
8203
8204
8201
8205
9318
8202
8206
8203
8207
8204
8208
8209
8206
8210
9330
8207
8211
8208
8212
8209
8213
8214
8211
8215
9342
8212
8216
8213
8217
8214
8218
8219
8216
8220
9354
8217
8221
8218
8222
8219
8223
8224
8221
8225
9366
8222
8226
8223
8227
8224
8228
8229
8226
8230
9378
8227
8231
8228
8232
8229
8233
8234
8231
8235
9390
8232
8236
8233
8237
8234
8238
8239
8236
8240
9402
8237
8241
8238
8242
8239
8243
8244
8241
8245
9414
8242
8246
8243
8247
8244
8248
8249
8246
8250
9426
8247
8251
8248
8252
8249
8253
8254
8251
8255
9438
8252
8256
8253
8257
8254
8258
8259
8256
8260
9450
8257
8261
8258
8262
8259
8263
8264
8261
8265
9462
8262
8266
8263
8267
8264
8268
8269
8266
8270
9474
8267
8271
8268
8272
8269
8273
8274
8271
9486
8272
8273
8274
8276
8287
8277
8288
8278
8289
8279
8290
8280
8291
8281
8292
8282
8293
8283
8294
8284
8295
8285
8296
8286
8297
8298
8288
8299
8289
8300
8290
8301
8291
8302
8292
8303
8293
8304
8294
8305
8295
8306
8296
8307
8297
8308
8298
8309
8310
8300
8311
8301
8312
8302
8313
8303
8314
8304
8315
8305
8316
8306
8317
8307
8318
8308
8319
8309
8320
8310
8321
8322
8312
8323
8313
8324
8314
8325
8315
8326
8316
8327
8317
8328
8318
8329
8319
8330
8320
8331
8321
8332
8322
8333
8334
8324
8335
8325
8336
8326
8337
8327
8338
8328
8339
8329
8340
8330
8341
8331
8342
8332
8343
8333
8344
8334
8345
8346
8336
8347
8337
8348
8338
8349
8339
8350
8340
8351
8341
8352
8342
8353
8343
8354
8344
8355
8345
8356
8346
8357
8358
8348
8359
8349
8360
8350
8361
8351
8362
8352
8363
8353
8364
8354
8365
8355
8366
8356
8367
8357
8368
8358
8369
8370
8360
8371
8361
8372
8362
8373
8363
8374
8364
8375
8365
8376
8366
8377
8367
8378
8368
8379
8369
8380
8370
8381
8382
8372
8383
8373
8384
8374
8385
8375
8386
8376
8387
8377
8388
8378
8389
8379
8390
8380
8391
8381
8392
8382
8393
8394
8384
8395
8385
8396
8386
8397
8387
8398
8388
8399
8389
8400
8390
8401
8391
8402
8392
8403
8393
8404
8394
8405
8406
8396
8407
8397
8408
8398
8409
8399
8410
8400
8411
8401
8412
8402
8413
8403
8414
8404
8415
8405
8416
8406
8417
8418
8408
8419
8409
8420
8410
8421
8411
8422
8412
8423
8413
8424
8414
8425
8415
8426
8416
8427
8417
8428
8418
8429
8430
8420
8431
8421
8432
8422
8433
8423
8434
8424
8435
8425
8436
8426
8437
8427
8438
8428
8439
8429
8440
8430
8441
8442
8432
8443
8433
8444
8434
8445
8435
8446
8436
8447
8437
8448
8438
8449
8439
8450
8440
8451
8441
8452
8442
8453
8454
8444
8455
8445
8456
8446
8457
8447
8458
8448
8459
8449
8460
8450
8461
8451
8462
8452
8463
8453
8464
8454
8465
8466
8456
8467
8457
8468
8458
8469
8459
8470
8460
8471
8461
8472
8462
8473
8463
8474
8464
8475
8465
8476
8466
8477
8478
8468
8479
8469
8480
8470
8481
8471
8482
8472
8483
8473
8484
8474
8485
8475
8486
8476
8487
8477
8488
8478
8489
8490
8480
8491
8481
8492
8482
8493
8483
8494
8484
8495
8485
8496
8486
8497
8487
8498
8488
8499
8489
8500
8490
8501
8502
8492
8503
8493
8504
8494
8505
8495
8506
8496
8507
8497
8508
8498
8509
8499
8510
8500
8511
8501
8512
8502
8513
8514
8504
8515
8505
8516
8506
8517
8507
8518
8508
8519
8509
8520
8510
8521
8511
8522
8512
8523
8513
8524
8514
8525
8526
8516
8527
8517
8528
8518
8529
8519
8530
8520
8531
8521
8532
8522
8533
8523
8534
8524
8535
8525
8536
8526
8537
8538
8528
8539
8529
8540
8530
8541
8531
8542
8532
8543
8533
8544
8534
8545
8535
8546
8536
8547
8537
8548
8538
8549
8550
8540
8551
8541
8552
8542
8553
8543
8554
8544
8555
8545
8556
8546
8557
8547
8558
8548
8559
8549
8560
8550
8561
8562
8552
8563
8553
8564
8554
8565
8555
8566
8556
8567
8557
8568
8558
8569
8559
8570
8560
8571
8561
8572
8562
8573
8574
8564
8575
8565
8576
8566
8577
8567
8578
8568
8579
8569
8580
8570
8581
8571
8582
8572
8583
8573
8584
8574
8585
8586
8576
8587
8577
8588
8578
8589
8579
8590
8580
8591
8581
8592
8582
8593
8583
8594
8584
8595
8585
8596
8586
8597
8598
8588
8599
8589
8600
8590
8601
8591
8602
8592
8603
8593
8604
8594
8605
8595
8606
8596
8607
8597
8608
8598
8609
8610
8600
8611
8601
8612
8602
8613
8603
8614
8604
8615
8605
8616
8606
8617
8607
8618
8608
8619
8609
8620
8610
8621
8622
8612
8623
8613
8624
8614
8625
8615
8626
8616
8627
8617
8628
8618
8629
8619
8630
8620
8631
8621
8632
8622
8633
8634
8624
8635
8625
8636
8626
8637
8627
8638
8628
8639
8629
8640
8630
8641
8631
8642
8632
8643
8633
8644
8634
8645
8646
8636
8647
8637
8648
8638
8649
8639
8650
8640
8651
8641
8652
8642
8653
8643
8654
8644
8655
8645
8656
8646
8657
8658
8648
8659
8649
8660
8650
8661
8651
8662
8652
8663
8653
8664
8654
8665
8655
8666
8656
8667
8657
8668
8658
8669
8670
8660
8671
8661
8672
8662
8673
8663
8674
8664
8675
8665
8676
8666
8677
8667
8678
8668
8679
8669
8680
8670
8681
8682
8672
8683
8673
8684
8674
8685
8675
8686
8676
8687
8677
8688
8678
8689
8679
8690
8680
8691
8681
8692
8682
8693
8694
8684
8695
8685
8696
8686
8697
8687
8698
8688
8699
8689
8700
8690
8701
8691
8702
8692
8703
8693
8704
8694
8705
8706
8696
8707
8697
8708
8698
8709
8699
8710
8700
8711
8701
8712
8702
8713
8703
8714
8704
8715
8705
8716
8706
8717
8718
8708
8719
8709
8720
8710
8721
8711
8722
8712
8723
8713
8724
8714
8725
8715
8726
8716
8727
8717
8728
8718
8729
8730
8720
8731
8721
8732
8722
8733
8723
8734
8724
8735
8725
8736
8726
8737
8727
8738
8728
8739
8729
8740
8730
8741
8742
8732
8743
8733
8744
8734
8745
8735
8746
8736
8747
8737
8748
8738
8749
8739
8750
8740
8751
8741
8752
8742
8753
8754
8744
8755
8745
8756
8746
8757
8747
8758
8748
8759
8749
8760
8750
8761
8751
8762
8752
8763
8753
8764
8754
8765
8766
8756
8767
8757
8768
8758
8769
8759
8770
8760
8771
8761
8772
8762
8773
8763
8774
8764
8775
8765
8776
8766
8777
8778
8768
8779
8769
8780
8770
8781
8771
8782
8772
8783
8773
8784
8774
8785
8775
8786
8776
8787
8777
8788
8778
8789
8790
8780
8791
8781
8792
8782
8793
8783
8794
8784
8795
8785
8796
8786
8797
8787
8798
8788
8799
8789
8800
8790
8801
8802
8792
8803
8793
8804
8794
8805
8795
8806
8796
8807
8797
8808
8798
8809
8799
8810
8800
8811
8801
8812
8802
8813
8814
8804
8815
8805
8816
8806
8817
8807
8818
8808
8819
8809
8820
8810
8821
8811
8822
8812
8823
8813
8824
8814
8825
8826
8816
8827
8817
8828
8818
8829
8819
8830
8820
8831
8821
8832
8822
8833
8823
8834
8824
8835
8825
8836
8826
8837
8838
8828
8839
8829
8840
8830
8841
8831
8842
8832
8843
8833
8844
8834
8845
8835
8846
8836
8847
8837
8848
8838
8849
8850
8840
8851
8841
8852
8842
8853
8843
8854
8844
8855
8845
8856
8846
8857
8847
8858
8848
8859
8849
8860
8850
8861
8862
8852
8863
8853
8864
8854
8865
8855
8866
8856
8867
8857
8868
8858
8869
8859
8870
8860
8871
8861
8872
8862
8873
8874
8864
8875
8865
8876
8866
8877
8867
8878
8868
8879
8869
8880
8870
8881
8871
8882
8872
8883
8873
8884
8874
8885
8886
8876
8887
8877
8888
8878
8889
8879
8890
8880
8891
8881
8892
8882
8893
8883
8894
8884
8895
8885
8896
8886
8897
8898
8888
8899
8889
8900
8890
8901
8891
8902
8892
8903
8893
8904
8894
8905
8895
8906
8896
8907
8897
8908
8898
8909
8910
8900
8911
8901
8912
8902
8913
8903
8914
8904
8915
8905
8916
8906
8917
8907
8918
8908
8919
8909
8920
8910
8921
8922
8912
8923
8913
8924
8914
8925
8915
8926
8916
8927
8917
8928
8918
8929
8919
8930
8920
8931
8921
8932
8922
8933
8934
8924
8935
8925
8936
8926
8937
8927
8938
8928
8939
8929
8940
8930
8941
8931
8942
8932
8943
8933
8944
8934
8945
8946
8936
8947
8937
8948
8938
8949
8939
8950
8940
8951
8941
8952
8942
8953
8943
8954
8944
8955
8945
8956
8946
8957
8958
8948
8959
8949
8960
8950
8961
8951
8962
8952
8963
8953
8964
8954
8965
8955
8966
8956
8967
8957
8968
8958
8969
8970
8960
8971
8961
8972
8962
8973
8963
8974
8964
8975
8965
8976
8966
8977
8967
8978
8968
8979
8969
8980
8970
8981
8982
8972
8983
8973
8984
8974
8985
8975
8986
8976
8987
8977
8988
8978
8989
8979
8990
8980
8991
8981
8992
8982
8993
8994
8984
8995
8985
8996
8986
8997
8987
8998
8988
8999
8989
9000
8990
9001
8991
9002
8992
9003
8993
9004
8994
9005
9006
8996
9007
8997
9008
8998
9009
8999
9010
9000
9011
9001
9012
9002
9013
9003
9014
9004
9015
9005
9016
9006
9017
9018
9008
9019
9009
9020
9010
9021
9011
9022
9012
9023
9013
9024
9014
9025
9015
9026
9016
9027
9017
9028
9018
9029
9030
9020
9031
9021
9032
9022
9033
9023
9034
9024
9035
9025
9036
9026
9037
9027
9038
9028
9039
9029
9040
9030
9041
9042
9032
9043
9033
9044
9034
9045
9035
9046
9036
9047
9037
9048
9038
9049
9039
9050
9040
9051
9041
9052
9042
9053
9054
9044
9055
9045
9056
9046
9057
9047
9058
9048
9059
9049
9060
9050
9061
9051
9062
9052
9063
9053
9064
9054
9065
9066
9056
9067
9057
9068
9058
9069
9059
9070
9060
9071
9061
9072
9062
9073
9063
9074
9064
9075
9065
9076
9066
9077
9078
9068
9079
9069
9080
9070
9081
9071
9082
9072
9083
9073
9084
9074
9085
9075
9086
9076
9087
9077
9088
9078
9089
9090
9080
9091
9081
9092
9082
9093
9083
9094
9084
9095
9085
9096
9086
9097
9087
9098
9088
9099
9089
9100
9090
9101
9102
9092
9103
9093
9104
9094
9105
9095
9106
9096
9107
9097
9108
9098
9109
9099
9110
9100
9111
9101
9112
9102
9113
9114
9104
9115
9105
9116
9106
9117
9107
9118
9108
9119
9109
9120
9110
9121
9111
9122
9112
9123
9113
9124
9114
9125
9126
9116
9127
9117
9128
9118
9129
9119
9130
9120
9131
9121
9132
9122
9133
9123
9134
9124
9135
9125
9136
9126
9137
9138
9128
9139
9129
9140
9130
9141
9131
9142
9132
9143
9133
9144
9134
9145
9135
9146
9136
9147
9137
9148
9138
9149
9150
9140
9151
9141
9152
9142
9153
9143
9154
9144
9155
9145
9156
9146
9157
9147
9158
9148
9159
9149
9160
9150
9161
9162
9152
9163
9153
9164
9154
9165
9155
9166
9156
9167
9157
9168
9158
9169
9159
9170
9160
9171
9161
9172
9162
9173
9174
9164
9175
9165
9176
9166
9177
9167
9178
9168
9179
9169
9180
9170
9181
9171
9182
9172
9183
9173
9184
9174
9185
9186
9176
9187
9177
9188
9178
9189
9179
9190
9180
9191
9181
9192
9182
9193
9183
9194
9184
9195
9185
9196
9186
9197
9198
9188
9199
9189
9200
9190
9201
9191
9202
9192
9203
9193
9204
9194
9205
9195
9206
9196
9207
9197
9208
9198
9209
9210
9200
9211
9201
9212
9202
9213
9203
9214
9204
9215
9205
9216
9206
9217
9207
9218
9208
9219
9209
9220
9210
9221
9222
9212
9223
9213
9224
9214
9225
9215
9226
9216
9227
9217
9228
9218
9229
9219
9230
9220
9231
9221
9232
9222
9233
9234
9224
9235
9225
9236
9226
9237
9227
9238
9228
9239
9229
9240
9230
9241
9231
9242
9232
9243
9233
9244
9234
9245
9246
9236
9247
9237
9248
9238
9249
9239
9250
9240
9251
9241
9252
9242
9253
9243
9254
9244
9255
9245
9256
9246
9257
9258
9248
9259
9249
9260
9250
9261
9251
9262
9252
9263
9253
9264
9254
9265
9255
9266
9256
9267
9257
9268
9258
9269
9270
9260
9271
9261
9272
9262
9273
9263
9274
9264
9275
9265
9276
9266
9277
9267
9278
9268
9279
9269
9280
9270
9281
9282
9272
9283
9273
9284
9274
9285
9275
9286
9276
9287
9277
9288
9278
9289
9279
9290
9280
9291
9281
9292
9282
9293
9294
9284
9295
9285
9296
9286
9297
9287
9298
9288
9299
9289
9300
9290
9301
9291
9302
9292
9303
9293
9304
9294
9305
9306
9296
9307
9297
9308
9298
9309
9299
9310
9300
9311
9301
9312
9302
9313
9303
9314
9304
9315
9305
9316
9306
9317
9318
9308
9319
9309
9320
9310
9321
9311
9322
9312
9323
9313
9324
9314
9325
9315
9326
9316
9327
9317
9328
9318
9329
9330
9320
9331
9321
9332
9322
9333
9323
9334
9324
9335
9325
9336
9326
9337
9327
9338
9328
9339
9329
9340
9330
9341
9342
9332
9343
9333
9344
9334
9345
9335
9346
9336
9347
9337
9348
9338
9349
9339
9350
9340
9351
9341
9352
9342
9353
9354
9344
9355
9345
9356
9346
9357
9347
9358
9348
9359
9349
9360
9350
9361
9351
9362
9352
9363
9353
9364
9354
9365
9366
9356
9367
9357
9368
9358
9369
9359
9370
9360
9371
9361
9372
9362
9373
9363
9374
9364
9375
9365
9376
9366
9377
9378
9368
9379
9369
9380
9370
9381
9371
9382
9372
9383
9373
9384
9374
9385
9375
9386
9376
9387
9377
9388
9378
9389
9390
9380
9391
9381
9392
9382
9393
9383
9394
9384
9395
9385
9396
9386
9397
9387
9398
9388
9399
9389
9400
9390
9401
9402
9392
9403
9393
9404
9394
9405
9395
9406
9396
9407
9397
9408
9398
9409
9399
9410
9400
9411
9401
9412
9402
9413
9414
9404
9415
9405
9416
9406
9417
9407
9418
9408
9419
9409
9420
9410
9421
9411
9422
9412
9423
9413
9424
9414
9425
9426
9416
9427
9417
9428
9418
9429
9419
9430
9420
9431
9421
9432
9422
9433
9423
9434
9424
9435
9425
9436
9426
9437
9438
9428
9439
9429
9440
9430
9441
9431
9442
9432
9443
9433
9444
9434
9445
9435
9446
9436
9447
9437
9448
9438
9449
9450
9440
9451
9441
9452
9442
9453
9443
9454
9444
9455
9445
9456
9446
9457
9447
9458
9448
9459
9449
9460
9450
9461
9462
9452
9463
9453
9464
9454
9465
9455
9466
9456
9467
9457
9468
9458
9469
9459
9470
9460
9471
9461
9472
9462
9473
9474
9464
9475
9465
9476
9466
9477
9467
9478
9468
9479
9469
9480
9470
9481
9471
9482
9472
9483
9473
9484
9474
9485
9486
9476
9477
9478
9479
9480
9481
9482
9483
9484
9485
9486
)


// ************************************************************************* //
